Location,Phase,Cheese,Charm,Attraction Rate,Mouse,Sample Size
Acolyte Realm,-,Runic,-,19.31%,Golem,
Acolyte Realm,-,Runic,-,18.22%,Gorgon,
Acolyte Realm,-,Runic,-,18.08%,Spectre,
Acolyte Realm,-,Runic,-,16.35%,Sorcerer,
Acolyte Realm,-,Runic,-,8.27%,Acolyte,
Acolyte Realm,-,Runic,-,8.22%,Wight,
Acolyte Realm,-,Runic,-,8.20%,Lich,
Acolyte Realm,-,Runic,-,1.92%,Chrono,
Acolyte Realm,-,Runic,-,1.42%,Gate Guardian,
Acolyte Realm,-,Ancient,-,27.48%,Golem,
Acolyte Realm,-,Ancient,-,24.69%,Spectre,
Acolyte Realm,-,Ancient,-,21.88%,Gorgon,
Acolyte Realm,-,Ancient,-,16.69%,Sorcerer,
Acolyte Realm,-,Ancient,-,9.26%,Gate Guardian,
Acolyte Realm,-,Radioactive Blue,-,33.21%,Gate Guardian,
Acolyte Realm,-,Radioactive Blue,-,32.82%,Golem,
Acolyte Realm,-,Radioactive Blue,-,13.56%,Mutated Grey,
Acolyte Realm,-,Radioactive Blue,-,13.19%,Mutated White,
Acolyte Realm,-,Radioactive Blue,-,7.01%,Mutated Brown,
Acolyte Realm,-,Radioactive Blue,-,0.22%,Black Widow,
Balack's Cove,Low Tide,Vanilla Stilton,-,18.98%,Brimstone,
Balack's Cove,Low Tide,Vanilla Stilton,-,18.30%,Twisted Fiend,
Balack's Cove,Low Tide,Vanilla Stilton,-,17.96%,Davy Jones,
Balack's Cove,Low Tide,Vanilla Stilton,-,15.47%,Enslaved Spirit,
Balack's Cove,Low Tide,Vanilla Stilton,-,9.00%,Nerg Lich,
Balack's Cove,Low Tide,Vanilla Stilton,-,8.75%,Elub Lich,
Balack's Cove,Low Tide,Vanilla Stilton,-,8.66%,Derr Lich,
Balack's Cove,Low Tide,Vanilla Stilton,-,2.87%,Tidal Fisher,
Balack's Cove,Low Tide,Vengeful Vanilla Stilton,-,22.76%,Enslaved Spirit,
Balack's Cove,Low Tide,Vengeful Vanilla Stilton,-,17.27%,Elub Lich,
Balack's Cove,Low Tide,Vengeful Vanilla Stilton,-,16.82%,Nerg Lich,
Balack's Cove,Low Tide,Vengeful Vanilla Stilton,-,16.65%,Derr Lich,
Balack's Cove,Low Tide,Vengeful Vanilla Stilton,-,11.10%,Balack the Banished,
Balack's Cove,Low Tide,Vengeful Vanilla Stilton,-,5.21%,Twisted Fiend,
Balack's Cove,Low Tide,Vengeful Vanilla Stilton,-,5.17%,Brimstone,
Balack's Cove,Low Tide,Vengeful Vanilla Stilton,-,5.01%,Davy Jones,
Balack's Cove,Mid Tide,Vanilla Stilton,-,18.78%,Riptide,
Balack's Cove,Mid Tide,Vanilla Stilton,-,15.18%,Enslaved Spirit,
Balack's Cove,Mid Tide,Vanilla Stilton,-,14.54%,Twisted Fiend,
Balack's Cove,Mid Tide,Vanilla Stilton,-,14.13%,Davy Jones,
Balack's Cove,Mid Tide,Vanilla Stilton,-,14.02%,Brimstone,
Balack's Cove,Mid Tide,Vanilla Stilton,-,8.47%,Derr Lich,
Balack's Cove,Mid Tide,Vanilla Stilton,-,7.76%,Nerg Lich,
Balack's Cove,Mid Tide,Vanilla Stilton,-,7.12%,Elub Lich,
Balack's Cove,Mid Tide,Vengeful Vanilla Stilton,-,19.90%,Derr Lich,
Balack's Cove,Mid Tide,Vengeful Vanilla Stilton,-,19.42%,Nerg Lich,
Balack's Cove,Mid Tide,Vengeful Vanilla Stilton,-,18.16%,Elub Lich,
Balack's Cove,Mid Tide,Vengeful Vanilla Stilton,-,13.59%,Balack the Banished,
Balack's Cove,Mid Tide,Vengeful Vanilla Stilton,-,10.97%,Enslaved Spirit,
Balack's Cove,Mid Tide,Vengeful Vanilla Stilton,-,10.39%,Riptide,
Balack's Cove,Mid Tide,Vengeful Vanilla Stilton,-,3.01%,Twisted Fiend,
Balack's Cove,Mid Tide,Vengeful Vanilla Stilton,-,2.91%,Brimstone,
Balack's Cove,Mid Tide,Vengeful Vanilla Stilton,-,1.65%,Davy Jones,
Balack's Cove,High Tide,Vanilla Stilton,-,85.39%,Riptide,
Balack's Cove,High Tide,Vanilla Stilton,-,2.71%,Enslaved Spirit,
Balack's Cove,High Tide,Vanilla Stilton,-,2.64%,Brimstone,
Balack's Cove,High Tide,Vanilla Stilton,-,2.45%,Twisted Fiend,
Balack's Cove,High Tide,Vanilla Stilton,-,2.12%,Davy Jones,
Balack's Cove,High Tide,Vanilla Stilton,-,1.72%,Nerg Lich,
Balack's Cove,High Tide,Vanilla Stilton,-,1.52%,Derr Lich,
Balack's Cove,High Tide,Vanilla Stilton,-,1.45%,Elub Lich,
Balack's Cove,High Tide,Vengeful Vanilla Stilton,-,73.68%,Riptide,
Balack's Cove,High Tide,Vengeful Vanilla Stilton,-,6.58%,Nerg Lich,
Balack's Cove,High Tide,Vengeful Vanilla Stilton,-,5.26%,Balack the Banished,
Balack's Cove,High Tide,Vengeful Vanilla Stilton,-,5.26%,Elub Lich,
Balack's Cove,High Tide,Vengeful Vanilla Stilton,-,3.95%,Derr Lich,
Balack's Cove,High Tide,Vengeful Vanilla Stilton,-,2.63%,Enslaved Spirit,
Balack's Cove,High Tide,Vengeful Vanilla Stilton,-,1.32%,Brimstone,
Balack's Cove,High Tide,Vengeful Vanilla Stilton,-,1.32%,Davy Jones,
Bazaar,-,SB+,-,19.76%,Burglar,13650
Bazaar,-,SB+,-,16.45%,Bionic,
Bazaar,-,SB+,-,15.99%,Granite,
Bazaar,-,SB+,-,15.58%,Steel,
Bazaar,-,SB+,-,7.93%,Master Burglar,
Bazaar,-,SB+,-,5.05%,Mutated White,
Bazaar,-,SB+,-,4.53%,Mutated Grey,
Bazaar,-,SB+,-,3.16%,Nibbler,
Bazaar,-,SB+,-,3.05%,Crown Collector,
Bazaar,-,SB+,-,2.59%,Relic Hunter,
Bazaar,-,SB+,-,2.35%,Mutated Brown,
Bazaar,-,SB+,-,1.63%,Dwarf,
Bazaar,-,SB+,-,1.55%,Zombie,
Bazaar,-,SB+,-,0.39%,Black Widow,
Bazaar,-,Gouda,-,26.02%,Bionic,4012
Bazaar,-,Gouda,-,25.45%,Steel,
Bazaar,-,Gouda,-,24.88%,Granite,
Bazaar,-,Gouda,-,7.75%,Mutated White,
Bazaar,-,Gouda,-,6.63%,Mutated Grey,
Bazaar,-,Gouda,-,3.54%,Mutated Brown,
Bazaar,-,Gouda,-,2.67%,Zombie,
Bazaar,-,Gouda,-,2.32%,Dwarf,
Bazaar,-,Gouda,-,0.75%,Crown Collector,
Bazaar,-,Brie,-,22.99%,Bionic,11088
Bazaar,-,Brie,-,22.56%,Steel,
Bazaar,-,Brie,-,22.44%,Granite,
Bazaar,-,Brie,-,10.44%,Burglar,
Bazaar,-,Brie,-,6.99%,Mutated Grey,
Bazaar,-,Brie,-,6.39%,Mutated White,
Bazaar,-,Brie,-,3.28%,Mutated Brown,
Bazaar,-,Brie,-,2.46%,Dwarf,
Bazaar,-,Brie,-,2.16%,Zombie,
Bazaar,-,Brie,-,0.28%,Crown Collector,
Bazaar,-,Swiss/Marble/Mozzarella/Cheddar/White Cheddar,-,26.71%,Bionic,1112
Bazaar,-,Swiss/Marble/Mozzarella/Cheddar/White Cheddar,-,24.37%,Steel,
Bazaar,-,Swiss/Marble/Mozzarella/Cheddar/White Cheddar,-,23.47%,Granite,
Bazaar,-,Swiss/Marble/Mozzarella/Cheddar/White Cheddar,-,8.45%,Mutated Grey,
Bazaar,-,Swiss/Marble/Mozzarella/Cheddar/White Cheddar,-,7.91%,Mutated White,
Bazaar,-,Swiss/Marble/Mozzarella/Cheddar/White Cheddar,-,3.69%,Mutated Brown,
Bazaar,-,Swiss/Marble/Mozzarella/Cheddar/White Cheddar,-,2.70%,Zombie,
Bazaar,-,Swiss/Marble/Mozzarella/Cheddar/White Cheddar,-,1.53%,Dwarf,
Bazaar,-,Swiss/Marble/Mozzarella/Cheddar/White Cheddar,-,0.90%,Burglar,
Bazaar,-,Swiss/Marble/Mozzarella/Cheddar/White Cheddar,-,0.27%,Crown Collector,
Bazaar,-,Gilded,-,20.22%,Master Burglar,31476
Bazaar,-,Gilded,-,16.21%,Granite,
Bazaar,-,Gilded,-,16.16%,Steel,
Bazaar,-,Gilded,-,15.97%,Bionic,
Bazaar,-,Gilded,-,15.35%,Burglar,
Bazaar,-,Gilded,-,4.87%,Mutated Grey,
Bazaar,-,Gilded,-,4.82%,Mutated White,
Bazaar,-,Gilded,-,2.52%,Mutated Brown,
Bazaar,-,Gilded,-,1.68%,Dwarf,
Bazaar,-,Gilded,-,1.60%,Zombie,
Bazaar,-,Gilded,-,0.61%,Crown Collector,
Burroughs Rift,Mist Level 0,Magical String,-,20.68%,Doktor,86884
Burroughs Rift,Mist Level 0,Magical String,-,15.61%,Portable Generator,
Burroughs Rift,Mist Level 0,Magical String,-,15.56%,Evil Scientist,
Burroughs Rift,Mist Level 0,Magical String,-,15.15%,Surgeon Bot,
Burroughs Rift,Mist Level 0,Magical String,-,10.34%,Automated Sentry,
Burroughs Rift,Mist Level 0,Magical String,-,5.22%,Amplified Brown,
Burroughs Rift,Mist Level 0,Magical String,-,5.15%,Amplified Grey,
Burroughs Rift,Mist Level 0,Magical String,-,5.14%,Cybernetic Specialist,
Burroughs Rift,Mist Level 0,Magical String,-,5.07%,Amplified White,
Burroughs Rift,Mist Level 0,Magical String,-,2.08%,Rift Bio Engineer,
Burroughs Rift,Mist Level 0,Brie String,-,20.28%,Doktor,249281
Burroughs Rift,Mist Level 0,Brie String,-,20.10%,Evil Scientist,
Burroughs Rift,Mist Level 0,Brie String,-,15.00%,Automated Sentry,
Burroughs Rift,Mist Level 0,Brie String,-,14.85%,Surgeon Bot,
Burroughs Rift,Mist Level 0,Brie String,-,9.87%,Rift Bio Engineer,
Burroughs Rift,Mist Level 0,Brie String,-,5.09%,Amplified White,
Burroughs Rift,Mist Level 0,Brie String,-,4.95%,Amplified Grey,
Burroughs Rift,Mist Level 0,Brie String,-,4.94%,Cybernetic Specialist,
Burroughs Rift,Mist Level 0,Brie String,-,4.92%,Amplified Brown,
Burroughs Rift,Mist Level 0,Swiss String,-,19.79%,Cybernetic Specialist,37190
Burroughs Rift,Mist Level 0,Swiss String,-,19.78%,Rift Bio Engineer,
Burroughs Rift,Mist Level 0,Swiss String,-,15.28%,Automated Sentry,
Burroughs Rift,Mist Level 0,Swiss String,-,15.14%,Amplified Brown,
Burroughs Rift,Mist Level 0,Swiss String,-,9.89%,Surgeon Bot,
Burroughs Rift,Mist Level 0,Swiss String,-,5.12%,Amplified Grey,
Burroughs Rift,Mist Level 0,Swiss String,-,5.01%,Doktor,
Burroughs Rift,Mist Level 0,Swiss String,-,4.99%,Evil Scientist,
Burroughs Rift,Mist Level 0,Swiss String,-,4.99%,Amplified White,
Burroughs Rift,Mist Level 0,Marble String,-,20.85%,Rift Bio Engineer,3767
Burroughs Rift,Mist Level 0,Marble String,-,18.55%,Amplified White,
Burroughs Rift,Mist Level 0,Marble String,-,16.15%,Amplified Brown,
Burroughs Rift,Mist Level 0,Marble String,-,15.98%,Cybernetic Specialist,
Burroughs Rift,Mist Level 0,Marble String,-,9.06%,Amplified Grey,
Burroughs Rift,Mist Level 0,Marble String,-,5.38%,Automated Sentry,
Burroughs Rift,Mist Level 0,Marble String,-,5.13%,Surgeon Bot,
Burroughs Rift,Mist Level 0,Marble String,-,4.70%,Doktor,
Burroughs Rift,Mist Level 0,Marble String,-,4.19%,Evil Scientist,
Burroughs Rift,Mist Level 1-5,Magical String,-,30.31%,Tech Ravenous Zombie,26540
Burroughs Rift,Mist Level 1-5,Magical String,-,23.68%,Count Vampire,
Burroughs Rift,Mist Level 1-5,Magical String,-,20.30%,Phase Zombie,
Burroughs Rift,Mist Level 1-5,Magical String,-,13.94%,Robat,
Burroughs Rift,Mist Level 1-5,Magical String,-,9.30%,Prototype,
Burroughs Rift,Mist Level 1-5,Magical String,-,1.28%,Lycanoid,
Burroughs Rift,Mist Level 1-5,Magical String,-,1.19%,Revenant,
Burroughs Rift,Mist Level 1-5,Brie String,-,31.20%,Tech Ravenous Zombie,59656
Burroughs Rift,Mist Level 1-5,Brie String,-,24.09%,Count Vampire,
Burroughs Rift,Mist Level 1-5,Brie String,-,20.50%,Phase Zombie,
Burroughs Rift,Mist Level 1-5,Brie String,-,14.51%,Robat,
Burroughs Rift,Mist Level 1-5,Brie String,-,9.71%,Prototype,
Burroughs Rift,Mist Level 1-5,Swiss String,-,32.16%,Tech Ravenous Zombie,6213
Burroughs Rift,Mist Level 1-5,Swiss String,-,23.60%,Count Vampire,
Burroughs Rift,Mist Level 1-5,Swiss String,-,20.36%,Phase Zombie,
Burroughs Rift,Mist Level 1-5,Swiss String,-,14.21%,Robat,
Burroughs Rift,Mist Level 1-5,Swiss String,-,9.67%,Prototype,
Burroughs Rift,Mist Level 1-5,Terre Ricotta,-,25.17%,Cyber Miner,27005
Burroughs Rift,Mist Level 1-5,Terre Ricotta,-,23.08%,Clump,
Burroughs Rift,Mist Level 1-5,Terre Ricotta,-,19.65%,Rifterranian,
Burroughs Rift,Mist Level 1-5,Terre Ricotta,-,17.14%,Itty Bitty Rifty Burroughs,
Burroughs Rift,Mist Level 1-5,Terre Ricotta,-,14.96%,Pneumatic Dirt Displacement,
Burroughs Rift,Mist Level 1-5,Polluted Parmesan,-,39.16%,Toxikinetic,4390
Burroughs Rift,Mist Level 1-5,Polluted Parmesan,-,31.25%,Radioactive Ooze,
Burroughs Rift,Mist Level 1-5,Polluted Parmesan,-,29.59%,Mecha Tail,
Burroughs Rift,Mist Level 6-18,Magical String,-,24.49%,Lycanoid,90038
Burroughs Rift,Mist Level 6-18,Magical String,-,24.25%,Revenant,
Burroughs Rift,Mist Level 6-18,Magical String,-,19.77%,Zombot Unipire the Third,
Burroughs Rift,Mist Level 6-18,Magical String,-,8.77%,Tech Ravenous Zombie,
Burroughs Rift,Mist Level 6-18,Magical String,-,7.00%,Count Vampire,
Burroughs Rift,Mist Level 6-18,Magical String,-,6.70%,Phase Zombie,
Burroughs Rift,Mist Level 6-18,Magical String,-,5.19%,Robat,
Burroughs Rift,Mist Level 6-18,Magical String,-,3.84%,Prototype,
Burroughs Rift,Mist Level 6-18,Brie String,-,24.51%,Lycanoid,250042
Burroughs Rift,Mist Level 6-18,Brie String,-,24.51%,Revenant,
Burroughs Rift,Mist Level 6-18,Brie String,-,19.99%,Zombot Unipire the Third,
Burroughs Rift,Mist Level 6-18,Brie String,-,8.57%,Tech Ravenous Zombie,
Burroughs Rift,Mist Level 6-18,Brie String,-,6.97%,Count Vampire,
Burroughs Rift,Mist Level 6-18,Brie String,-,6.38%,Phase Zombie,
Burroughs Rift,Mist Level 6-18,Brie String,-,5.02%,Robat,
Burroughs Rift,Mist Level 6-18,Brie String,-,4.07%,Prototype,
Burroughs Rift,Mist Level 6-18,Brie String,Brain,24.11%,Zombot Unipire the Third,4185
Burroughs Rift,Mist Level 6-18,Brie String,Brain,18.69%,Tech Ravenous Zombie,
Burroughs Rift,Mist Level 6-18,Brie String,Brain,16.63%,Lycanoid,
Burroughs Rift,Mist Level 6-18,Brie String,Brain,16.63%,Revenant,
Burroughs Rift,Mist Level 6-18,Brie String,Brain,13.79%,Phase Zombie,
Burroughs Rift,Mist Level 6-18,Brie String,Brain,4.32%,Count Vampire,
Burroughs Rift,Mist Level 6-18,Brie String,Brain,2.96%,Robat,
Burroughs Rift,Mist Level 6-18,Brie String,Brain,2.87%,Prototype,
Burroughs Rift,Mist Level 6-18,Swiss String,-,25.24%,Lycanoid,26734
Burroughs Rift,Mist Level 6-18,Swiss String,-,24.73%,Revenant,
Burroughs Rift,Mist Level 6-18,Swiss String,-,19.48%,Zombot Unipire the Third,
Burroughs Rift,Mist Level 6-18,Swiss String,-,8.42%,Tech Ravenous Zombie,
Burroughs Rift,Mist Level 6-18,Swiss String,-,6.93%,Count Vampire,
Burroughs Rift,Mist Level 6-18,Swiss String,-,6.28%,Phase Zombie,
Burroughs Rift,Mist Level 6-18,Swiss String,-,5.00%,Robat,
Burroughs Rift,Mist Level 6-18,Swiss String,-,3.93%,Prototype,
Burroughs Rift,Mist Level 6-18,Terre Ricotta,-,24.97%,Boulder Biter,378898
Burroughs Rift,Mist Level 6-18,Terre Ricotta,-,19.90%,Master Exploder,
Burroughs Rift,Mist Level 6-18,Terre Ricotta,-,14.93%,Lambent,
Burroughs Rift,Mist Level 6-18,Terre Ricotta,-,10.10%,Cyber Miner,
Burroughs Rift,Mist Level 6-18,Terre Ricotta,-,8.99%,Clump,
Burroughs Rift,Mist Level 6-18,Terre Ricotta,-,8.07%,Rifterranian,
Burroughs Rift,Mist Level 6-18,Terre Ricotta,-,7.01%,Itty Bitty Rifty Burroughs,
Burroughs Rift,Mist Level 6-18,Terre Ricotta,-,6.03%,Pneumatic Dirt Displacement,
Burroughs Rift,Mist Level 6-18,Polluted Parmesan,-,23.06%,Super Mega Mecha Ultra RoboGold,25719
Burroughs Rift,Mist Level 6-18,Polluted Parmesan,-,21.62%,Toxic Avenger,
Burroughs Rift,Mist Level 6-18,Polluted Parmesan,-,21.04%,Rancid Bog Beast,
Burroughs Rift,Mist Level 6-18,Polluted Parmesan,-,14.51%,Toxikinetic,
Burroughs Rift,Mist Level 6-18,Polluted Parmesan,-,9.99%,Radioactive Ooze,
Burroughs Rift,Mist Level 6-18,Polluted Parmesan,-,9.78%,Mecha Tail,
Burroughs Rift,Mist Level 19-20,Magical String/Brie String/Swiss String,-,100.00%,Monstrous Abomination,
Burroughs Rift,Mist Level 19-20,Terre Ricotta,-,100.00%,Big Bad Behemoth Burroughs,
Burroughs Rift,Mist Level 19-20,Polluted Parmesan,-,25.04%,Plutonium Tentacle,135250
Burroughs Rift,Mist Level 19-20,Polluted Parmesan,-,24.95%,Assassin Beast,
Burroughs Rift,Mist Level 19-20,Polluted Parmesan,-,19.74%,The Menace of the Rift,
Burroughs Rift,Mist Level 19-20,Polluted Parmesan,-,10.12%,Super Mega Mecha Ultra RoboGold,
Burroughs Rift,Mist Level 19-20,Polluted Parmesan,-,10.08%,Toxic Avenger,
Burroughs Rift,Mist Level 19-20,Polluted Parmesan,-,10.07%,Rancid Bog Beast,
Calm Clearing,-,Cherry,-,24.55%,Chameleon,24262
Calm Clearing,-,Cherry,-,21.60%,Bear,
Calm Clearing,-,Cherry,-,17.66%,Shaman,
Calm Clearing,-,Cherry,-,14.69%,Treant,
Calm Clearing,-,Cherry,-,13.83%,Cherry,
Calm Clearing,-,Cherry,-,6.47%,Cyclops,
Calm Clearing,-,Cherry,-,1.20%,Eagle Owl,
Calm Clearing,-,SB+,-,14.70%,Frog,9198
Calm Clearing,-,SB+,-,13.34%,Sylvan,
Calm Clearing,-,SB+,-,12.08%,Chameleon,
Calm Clearing,-,SB+,-,9.78%,Bear,
Calm Clearing,-,SB+,-,9.42%,Wiggler,
Calm Clearing,-,SB+,-,8.87%,Moosker,
Calm Clearing,-,SB+,-,8.38%,Shaman,
Calm Clearing,-,SB+,-,7.18%,Treant,
Calm Clearing,-,SB+,-,5.70%,Dwarf,
Calm Clearing,-,SB+,-,5.69%,Cyclops,
Calm Clearing,-,SB+,-,3.23%,Elven Princess,
Calm Clearing,-,SB+,-,0.67%,Eagle Owl,
Calm Clearing,-,SB+,-,0.50%,Black Widow,
Calm Clearing,-,SB+,-,0.47%,Foxy,
Calm Clearing,-,Gouda,-,14.57%,Frog,7840
Calm Clearing,-,Gouda,-,13.34%,Sylvan,
Calm Clearing,-,Gouda,-,12.61%,Chameleon,
Calm Clearing,-,Gouda,-,10.99%,Bear,
Calm Clearing,-,Gouda,-,9.72%,Moosker,
Calm Clearing,-,Gouda,-,9.62%,Wiggler,
Calm Clearing,-,Gouda,-,9.17%,Shaman,
Calm Clearing,-,Gouda,-,7.23%,Treant,
Calm Clearing,-,Gouda,-,6.10%,Dwarf,
Calm Clearing,-,Gouda,-,3.05%,Cyclops,
Calm Clearing,-,Gouda,-,2.92%,Elven Princess,
Calm Clearing,-,Gouda,-,0.68%,Eagle Owl,
Calm Clearing,-,Brie,-,15.39%,Frog,20955
Calm Clearing,-,Brie,-,13.42%,Sylvan,
Calm Clearing,-,Brie,-,12.75%,Chameleon,
Calm Clearing,-,Brie,-,10.85%,Bear,
Calm Clearing,-,Brie,-,9.17%,Moosker,
Calm Clearing,-,Brie,-,9.15%,Wiggler,
Calm Clearing,-,Brie,-,8.62%,Shaman,
Calm Clearing,-,Brie,-,7.48%,Treant,
Calm Clearing,-,Brie,-,6.24%,Dwarf,
Calm Clearing,-,Brie,-,3.22%,Cyclops,
Calm Clearing,-,Brie,-,3.11%,Elven Princess,
Calm Clearing,-,Brie,-,0.61%,Eagle Owl,
Calm Clearing,-,Swiss,-,14.98%,Frog,8437
Calm Clearing,-,Swiss,-,13.89%,Sylvan,
Calm Clearing,-,Swiss,-,13.01%,Chameleon,
Calm Clearing,-,Swiss,-,10.85%,Bear,
Calm Clearing,-,Swiss,-,9.46%,Moosker,
Calm Clearing,-,Swiss,-,8.78%,Wiggler,
Calm Clearing,-,Swiss,-,8.71%,Shaman,
Calm Clearing,-,Swiss,-,7.76%,Treant,
Calm Clearing,-,Swiss,-,5.52%,Dwarf,
Calm Clearing,-,Swiss,-,3.34%,Cyclops,
Calm Clearing,-,Swiss,-,2.96%,Elven Princess,
Calm Clearing,-,Swiss,-,0.72%,Eagle Owl,
Calm Clearing,-,Marble/Mozzarella/Cheddar/White Cheddar,-,15.68%,Frog,1256
Calm Clearing,-,Marble/Mozzarella/Cheddar/White Cheddar,-,13.30%,Sylvan,
Calm Clearing,-,Marble/Mozzarella/Cheddar/White Cheddar,-,12.02%,Chameleon,
Calm Clearing,-,Marble/Mozzarella/Cheddar/White Cheddar,-,12.02%,Bear,
Calm Clearing,-,Marble/Mozzarella/Cheddar/White Cheddar,-,10.11%,Moosker,
Calm Clearing,-,Marble/Mozzarella/Cheddar/White Cheddar,-,9.16%,Shaman,
Calm Clearing,-,Marble/Mozzarella/Cheddar/White Cheddar,-,8.92%,Wiggler,
Calm Clearing,-,Marble/Mozzarella/Cheddar/White Cheddar,-,6.93%,Treant,
Calm Clearing,-,Marble/Mozzarella/Cheddar/White Cheddar,-,4.70%,Dwarf,
Calm Clearing,-,Marble/Mozzarella/Cheddar/White Cheddar,-,4.30%,Elven Princess,
Calm Clearing,-,Marble/Mozzarella/Cheddar/White Cheddar,-,2.47%,Cyclops,
Calm Clearing,-,Marble/Mozzarella/Cheddar/White Cheddar,-,0.40%,Eagle Owl,
Cape Clawed,-,SB+,-,8.86%,Sylvan,
Cape Clawed,-,SB+,-,8.86%,Taleweaver,
Cape Clawed,-,SB+,-,8.86%,Wordsmith,
Cape Clawed,-,SB+,-,8.02%,Alchemist,
Cape Clawed,-,SB+,-,8.02%,Caretaker,
Cape Clawed,-,SB+,-,7.74%,Chameleon,
Cape Clawed,-,SB+,-,7.59%,Narrator,
Cape Clawed,-,SB+,-,7.45%,Trailblazer,
Cape Clawed,-,SB+,-,6.89%,Scout,
Cape Clawed,-,SB+,-,6.89%,Shipwrecked,
Cape Clawed,-,SB+,-,6.61%,Healer,
Cape Clawed,-,SB+,-,6.61%,Pathfinder,
Cape Clawed,-,SB+,-,6.47%,Pinchy,
Cape Clawed,-,SB+,-,1.13%,Nibbler,
Cape Clawed,-,Gouda/Brie/Swiss/White Cheddar/Marble/Mozzarella/Cheddar,-,10.08%,Alchemist,
Cape Clawed,-,Gouda/Brie/Swiss/White Cheddar/Marble/Mozzarella/Cheddar,-,9.59%,Pathfinder,
Cape Clawed,-,Gouda/Brie/Swiss/White Cheddar/Marble/Mozzarella/Cheddar,-,9.50%,Healer,
Cape Clawed,-,Gouda/Brie/Swiss/White Cheddar/Marble/Mozzarella/Cheddar,-,9.18%,Wordsmith,
Cape Clawed,-,Gouda/Brie/Swiss/White Cheddar/Marble/Mozzarella/Cheddar,-,9.13%,Narrator,
Cape Clawed,-,Gouda/Brie/Swiss/White Cheddar/Marble/Mozzarella/Cheddar,-,8.85%,Taleweaver,
Cape Clawed,-,Gouda/Brie/Swiss/White Cheddar/Marble/Mozzarella/Cheddar,-,8.69%,Scout,
Cape Clawed,-,Gouda/Brie/Swiss/White Cheddar/Marble/Mozzarella/Cheddar,-,8.62%,Caretaker,
Cape Clawed,-,Gouda/Brie/Swiss/White Cheddar/Marble/Mozzarella/Cheddar,-,8.37%,Trailblazer,
Cape Clawed,-,Gouda/Brie/Swiss/White Cheddar/Marble/Mozzarella/Cheddar,-,4.84%,Sylvan,
Cape Clawed,-,Gouda/Brie/Swiss/White Cheddar/Marble/Mozzarella/Cheddar,-,4.73%,Pinchy,
Cape Clawed,-,Gouda/Brie/Swiss/White Cheddar/Marble/Mozzarella/Cheddar,-,4.22%,Shipwrecked,
Cape Clawed,-,Gouda/Brie/Swiss/White Cheddar/Marble/Mozzarella/Cheddar,-,4.19%,Chameleon,
Cape Clawed,-,Crunchy,-,33.32%,Aged,
Cape Clawed,-,Crunchy,-,22.15%,Trailblazer,
Cape Clawed,-,Crunchy,-,21.76%,Wordsmith,
Cape Clawed,-,Crunchy,-,21.54%,Healer,
Cape Clawed,-,Crunchy,-,1.23%,Sylvan,
Cape Clawed,-,Gumbo,-,32.13%,Grandfather,
Cape Clawed,-,Gumbo,-,23.49%,Caretaker,
Cape Clawed,-,Gumbo,-,21.99%,Pathfinder,
Cape Clawed,-,Gumbo,-,21.24%,Narrator,
Cape Clawed,-,Gumbo,-,1.16%,Chameleon,
Cape Clawed,-,Shell,-,44.31%,Elder,
Cape Clawed,-,Shell,-,28.26%,Taleweaver,
Cape Clawed,-,Shell,-,13.58%,Alchemist,
Cape Clawed,-,Shell,-,12.00%,Scout,
Cape Clawed,-,Shell,-,1.85%,Pinchy,
Catacombs,-,Ancient,-,17.34%,Skeleton,
Catacombs,-,Ancient,-,14.43%,Ooze,
Catacombs,-,Ancient,-,14.41%,Spider,
Catacombs,-,Ancient,-,12.94%,Keeper's Assistant,
Catacombs,-,Ancient,-,12.61%,Scavenger,
Catacombs,-,Ancient,-,12.39%,Keeper,
Catacombs,-,Ancient,-,7.16%,Terror Knight,
Catacombs,-,Ancient,-,4.37%,Vampire,
Catacombs,-,Ancient,-,4.35%,Golem,
Catacombs,-,Undead Emmental,-,14.86%,Mummy,
Catacombs,-,Undead Emmental,-,13.20%,Ghost,
Catacombs,-,Undead Emmental,-,12.47%,Ravenous Zombie,
Catacombs,-,Undead Emmental,-,11.78%,Zombot Unipire,
Catacombs,-,Undead Emmental,-,11.30%,Grave Robber,
Catacombs,-,Undead Emmental,-,9.70%,Zombie,
Catacombs,-,Undead Emmental,-,8.29%,Terror Knight,
Catacombs,-,Undead Emmental,-,8.01%,Vampire,
Catacombs,-,Undead Emmental,-,6.49%,Skeleton,
Catacombs,-,Undead Emmental,-,3.90%,Gluttonous Zombie,
Catacombs,-,Moon,-,45.69%,Lycan,
Catacombs,-,Moon,-,18.21%,Scavenger,
Catacombs,-,Moon,-,10.54%,Ghost,
Catacombs,-,Moon,-,9.74%,Zombie,
Catacombs,-,Moon,-,6.23%,Mummy,
Catacombs,-,Moon,-,5.75%,Bat,
Catacombs,-,Moon,-,3.83%,Vampire,
Catacombs,-,Radioactive Blue,-,16.17%,Skeleton,
Catacombs,-,Radioactive Blue,-,14.37%,Ghost,
Catacombs,-,Radioactive Blue,-,8.94%,Spider,
Catacombs,-,Radioactive Blue,-,8.84%,Ooze,
Catacombs,-,Radioactive Blue,-,8.02%,Scavenger,
Catacombs,-,Radioactive Blue,-,7.99%,Keeper's Assistant,
Catacombs,-,Radioactive Blue,-,7.16%,Giant Snail,
Catacombs,-,Radioactive Blue,-,6.31%,Mummy,
Catacombs,-,Radioactive Blue,-,4.53%,Terror Knight,
Catacombs,-,Radioactive Blue,-,4.44%,Vampire,
Catacombs,-,Radioactive Blue,-,3.57%,Zombie,
Catacombs,-,Radioactive Blue,-,3.56%,Bat,
Catacombs,-,Radioactive Blue,-,2.79%,Golem,
Catacombs,-,Radioactive Blue,-,1.82%,Keeper,
Catacombs,-,Radioactive Blue,-,0.92%,Lycan,
Catacombs,-,Radioactive Blue,-,0.44%,Monster,
Catacombs,-,Radioactive Blue,-,0.12%,Black Widow,
Catacombs,-,Ancient,Antiskele,17.91%,Spider,
Catacombs,-,Ancient,Antiskele,16.93%,Ooze,
Catacombs,-,Ancient,Antiskele,16.16%,Scavenger,
Catacombs,-,Ancient,Antiskele,15.52%,Keeper's Assistant,
Catacombs,-,Ancient,Antiskele,14.22%,Keeper,
Catacombs,-,Ancient,Antiskele,8.84%,Terror Knight,
Catacombs,-,Ancient,Antiskele,5.45%,Golem,
Catacombs,-,Ancient,Antiskele,4.97%,Vampire,
Catacombs,-,Undead Emmental,Antiskele,21.93%,Mummy,
Catacombs,-,Undead Emmental,Antiskele,20.25%,Ghost,
Catacombs,-,Undead Emmental,Antiskele,13.77%,Zombot Unipire,
Catacombs,-,Undead Emmental,Antiskele,11.65%,Vampire,
Catacombs,-,Undead Emmental,Antiskele,11.40%,Terror Knight,
Catacombs,-,Undead Emmental,Antiskele,8.35%,Ravenous Zombie,
Catacombs,-,Undead Emmental,Antiskele,6.48%,Grave Robber,
Catacombs,-,Undead Emmental,Antiskele,6.17%,Zombie,
Catacombs,-,Radioactive Blue,Antiskele,16.91%,Ghost,
Catacombs,-,Radioactive Blue,Antiskele,12.00%,Spider,
Catacombs,-,Radioactive Blue,Antiskele,10.83%,Ooze,
Catacombs,-,Radioactive Blue,Antiskele,9.71%,Giant Snail,
Catacombs,-,Radioactive Blue,Antiskele,8.65%,Keeper's Assistant,
Catacombs,-,Radioactive Blue,Antiskele,8.48%,Mummy,
Catacombs,-,Radioactive Blue,Antiskele,8.43%,Scavenger,
Catacombs,-,Radioactive Blue,Antiskele,5.97%,Terror Knight,
Catacombs,-,Radioactive Blue,Antiskele,4.52%,Vampire,
Catacombs,-,Radioactive Blue,Antiskele,3.85%,Golem,
Catacombs,-,Radioactive Blue,Antiskele,3.79%,Zombie,
Catacombs,-,Radioactive Blue,Antiskele,3.52%,Bat,
Catacombs,-,Radioactive Blue,Antiskele,1.95%,Keeper,
Catacombs,-,Radioactive Blue,Antiskele,0.95%,Lycan,
Catacombs,-,Radioactive Blue,Antiskele,0.22%,Black Widow,
Catacombs,-,Radioactive Blue,Antiskele,0.22%,Monster,
Claw Shot City,Crew,SB+/Gouda/Brie/Swiss/White Cheddar/Marble/Mozzarella/Cheddar,-,14.29%,Bartender,
Claw Shot City,Crew,SB+/Gouda/Brie/Swiss/White Cheddar/Marble/Mozzarella/Cheddar,-,14.29%,Stuffy Banker,
Claw Shot City,Crew,SB+/Gouda/Brie/Swiss/White Cheddar/Marble/Mozzarella/Cheddar,-,14.29%,Tonic Salesman,
Claw Shot City,Crew,SB+/Gouda/Brie/Swiss/White Cheddar/Marble/Mozzarella/Cheddar,-,14.29%,Upper Class Lady,
Claw Shot City,Crew,SB+/Gouda/Brie/Swiss/White Cheddar/Marble/Mozzarella/Cheddar,-,14.29%,Coal Shoveller,
Claw Shot City,Crew,SB+/Gouda/Brie/Swiss/White Cheddar/Marble/Mozzarella/Cheddar,-,14.29%,Farrier,
Claw Shot City,Crew,SB+/Gouda/Brie/Swiss/White Cheddar/Marble/Mozzarella/Cheddar,-,14.29%,Parlour Player,
Claw Shot City,Hunting Bounty Hunter,SB+,-,15.64%,Saloon Gal,
Claw Shot City,Hunting Bounty Hunter,SB+,-,15.71%,Lasso Cowgirl,
Claw Shot City,Hunting Bounty Hunter,SB+,-,15.27%,Tumbleweed,
Claw Shot City,Hunting Bounty Hunter,SB+,-,15.74%,Shopkeeper,
Claw Shot City,Hunting Bounty Hunter,SB+,-,15.02%,Ruffian,
Claw Shot City,Hunting Bounty Hunter,SB+,-,13.51%,Bounty Hunter,
Claw Shot City,Hunting Bounty Hunter,SB+,-,6.09%,Prospector,
Claw Shot City,Hunting Bounty Hunter,SB+,-,3.02%,Pyrite,
Claw Shot City,Hunting Bounty Hunter,Gouda/Brie/Swiss/White Cheddar/Marble/Mozzarella/Cheddar,-,15.78%,Saloon Gal,
Claw Shot City,Hunting Bounty Hunter,Gouda/Brie/Swiss/White Cheddar/Marble/Mozzarella/Cheddar,-,15.91%,Lasso Cowgirl,
Claw Shot City,Hunting Bounty Hunter,Gouda/Brie/Swiss/White Cheddar/Marble/Mozzarella/Cheddar,-,16.30%,Tumbleweed,
Claw Shot City,Hunting Bounty Hunter,Gouda/Brie/Swiss/White Cheddar/Marble/Mozzarella/Cheddar,-,15.99%,Shopkeeper,
Claw Shot City,Hunting Bounty Hunter,Gouda/Brie/Swiss/White Cheddar/Marble/Mozzarella/Cheddar,-,16.17%,Ruffian,
Claw Shot City,Hunting Bounty Hunter,Gouda/Brie/Swiss/White Cheddar/Marble/Mozzarella/Cheddar,-,13.05%,Bounty Hunter,
Claw Shot City,Hunting Bounty Hunter,Gouda/Brie/Swiss/White Cheddar/Marble/Mozzarella/Cheddar,-,6.13%,Prospector,
Claw Shot City,Hunting Bounty Hunter,Gouda/Brie/Swiss/White Cheddar/Marble/Mozzarella/Cheddar,-,0.68%,Pyrite,
Claw Shot City,Ringleaders,SB+/Gouda/Brie/Swiss/White Cheddar/Marble/Mozzarella/Cheddar,-,16.67%,Outlaw,
Claw Shot City,Ringleaders,SB+/Gouda/Brie/Swiss/White Cheddar/Marble/Mozzarella/Cheddar,-,16.67%,Desperado,
Claw Shot City,Ringleaders,SB+/Gouda/Brie/Swiss/White Cheddar/Marble/Mozzarella/Cheddar,-,16.67%,Undertaker,
Claw Shot City,Ringleaders,SB+/Gouda/Brie/Swiss/White Cheddar/Marble/Mozzarella/Cheddar,-,16.67%,Cardshark,
Claw Shot City,Ringleaders,SB+/Gouda/Brie/Swiss/White Cheddar/Marble/Mozzarella/Cheddar,-,16.67%,Stagecoach Driver,
Claw Shot City,Ringleaders,SB+/Gouda/Brie/Swiss/White Cheddar/Marble/Mozzarella/Cheddar,-,16.67%,Circuit Judge,
Crystal Library,-,SB+,-,17.88%,Walker,214668
Crystal Library,-,SB+,-,13.87%,Pocketwatch,
Crystal Library,-,SB+,-,13.79%,Effervescent,
Crystal Library,-,SB+,-,9.78%,Infiltrator,
Crystal Library,-,SB+,-,7.92%,Steam Grip,
Crystal Library,-,SB+,-,7.90%,Explorator,
Crystal Library,-,SB+,-,7.74%,Tome Sprite,
Crystal Library,-,SB+,-,6.96%,Scribe,
Crystal Library,-,SB+,-,5.95%,Bookborn,
Crystal Library,-,SB+,-,5.91%,Flutterby,
Crystal Library,-,SB+,-,1.30%,Crown Collector,
Crystal Library,-,SB+,-,1.00%,Aether,
Crystal Library,-,Gouda,-,18.66%,Pocketwatch,260346
Crystal Library,-,Gouda,-,17.80%,Walker,
Crystal Library,-,Gouda,-,11.90%,Effervescent,
Crystal Library,-,Gouda,-,11.84%,Infiltrator,
Crystal Library,-,Gouda,-,9.85%,Flutterby,
Crystal Library,-,Gouda,-,7.90%,Explorator,
Crystal Library,-,Gouda,-,7.84%,Steam Grip,
Crystal Library,-,Gouda,-,6.96%,Scribe,
Crystal Library,-,Gouda,-,6.87%,Bookborn,
Crystal Library,-,Gouda,-,0.21%,Aether,
Crystal Library,-,Gouda,-,0.17%,Crown Collector,
Crystal Library,-,Brie,-,18.50%,Pocketwatch,38275
Crystal Library,-,Brie,-,18.01%,Walker,
Crystal Library,-,Brie,-,11.90%,Infiltrator,
Crystal Library,-,Brie,-,11.76%,Effervescent,
Crystal Library,-,Brie,-,10.05%,Flutterby,
Crystal Library,-,Brie,-,7.81%,Steam Grip,
Crystal Library,-,Brie,-,7.75%,Explorator,
Crystal Library,-,Brie,-,7.14%,Bookborn,
Crystal Library,-,Brie,-,6.77%,Scribe,
Crystal Library,-,Brie,-,0.21%,Aether,
Crystal Library,-,Brie,-,0.10%,Crown Collector,
Crystal Library,-,SB+,Scholar,15.95%,Zurreal the Eternal,16227
Crystal Library,-,SB+,Scholar,15.04%,Walker,
Crystal Library,-,SB+,Scholar,11.96%,Pocketwatch,
Crystal Library,-,SB+,Scholar,11.43%,Effervescent,
Crystal Library,-,SB+,Scholar,8.22%,Infiltrator,
Crystal Library,-,SB+,Scholar,6.78%,Tome Sprite,
Crystal Library,-,SB+,Scholar,6.57%,Steam Grip,
Crystal Library,-,SB+,Scholar,6.21%,Explorator,
Crystal Library,-,SB+,Scholar,5.76%,Scribe,
Crystal Library,-,SB+,Scholar,4.99%,Bookborn,
Crystal Library,-,SB+,Scholar,4.94%,Flutterby,
Crystal Library,-,SB+,Scholar,1.24%,Crown Collector,
Crystal Library,-,SB+,Scholar,0.91%,Aether,
Crystal Library,-,Gouda,Scholar,16.79%,Walker,14331
Crystal Library,-,Gouda,Scholar,16.61%,Pocketwatch,
Crystal Library,-,Gouda,Scholar,10.81%,Infiltrator,
Crystal Library,-,Gouda,Scholar,10.64%,Effervescent,
Crystal Library,-,Gouda,Scholar,9.18%,Flutterby,
Crystal Library,-,Gouda,Scholar,8.51%,Zurreal the Eternal,
Crystal Library,-,Gouda,Scholar,7.35%,Explorator,
Crystal Library,-,Gouda,Scholar,7.12%,Steam Grip,
Crystal Library,-,Gouda,Scholar,6.34%,Bookborn,
Crystal Library,-,Gouda,Scholar,6.29%,Scribe,
Crystal Library,-,Gouda,Scholar,0.20%,Aether,
Crystal Library,-,Gouda,Scholar,0.15%,Crown Collector,
Crystal Library,-,Brie,Scholar,18.29%,Walker,2286
Crystal Library,-,Brie,Scholar,17.50%,Pocketwatch,
Crystal Library,-,Brie,Scholar,11.42%,Effervescent,
Crystal Library,-,Brie,Scholar,10.54%,Infiltrator,
Crystal Library,-,Brie,Scholar,8.31%,Flutterby,
Crystal Library,-,Brie,Scholar,8.14%,Zurreal the Eternal,
Crystal Library,-,Brie,Scholar,7.04%,Steam Grip,
Crystal Library,-,Brie,Scholar,6.74%,Explorator,
Crystal Library,-,Brie,Scholar,6.17%,Bookborn,
Crystal Library,-,Brie,Scholar,5.38%,Scribe,
Crystal Library,-,Brie,Scholar,0.26%,Aether,
Crystal Library,-,Brie,Scholar,0.22%,Crown Collector,
Cursed City,Curse Lifted,Graveblossom Camembert,-,19.12%,Corrupt,
Cursed City,Curse Lifted,Graveblossom Camembert,-,14.60%,Cursed Enchanter,
Cursed City,Curse Lifted,Graveblossom Camembert,-,14.45%,Cursed Engineer,
Cursed City,Curse Lifted,Graveblossom Camembert,-,19.38%,Cursed Librarian,
Cursed City,Curse Lifted,Graveblossom Camembert,-,14.40%,Cursed Thief,
Cursed City,Curse Lifted,Graveblossom Camembert,-,18.05%,Essence Guardian,
Cursed City,Curse Lifted,Graveblossom Camembert,Safeguard,17.79%,Cursed Enchanter,
Cursed City,Curse Lifted,Graveblossom Camembert,Safeguard,17.84%,Cursed Engineer,
Cursed City,Curse Lifted,Graveblossom Camembert,Safeguard,23.26%,Cursed Librarian,
Cursed City,Curse Lifted,Graveblossom Camembert,Safeguard,17.55%,Cursed Thief,
Cursed City,Curse Lifted,Graveblossom Camembert,Safeguard,23.55%,Essence Guardian,
Cursed City,Curse Lifted,Graveblossom Camembert,Shattering,73.20%,Corrupt,
Cursed City,Curse Lifted,Graveblossom Camembert,Shattering,26.80%,Dark Magi,
Cursed City,Cursed,Graveblossom Camembert,-,7.44%,Corrupt,
Cursed City,Cursed,Graveblossom Camembert,-,21.70%,Cursed Enchanter,
Cursed City,Cursed,Graveblossom Camembert,-,21.66%,Cursed Engineer,
Cursed City,Cursed,Graveblossom Camembert,-,27.56%,Cursed Librarian,
Cursed City,Cursed,Graveblossom Camembert,-,21.65%,Cursed Thief,
Derr Dunes,-,Crunchy,-,57.16%,Guardian,
Derr Dunes,-,Crunchy,-,28.52%,Gladiator,
Derr Dunes,-,Crunchy,-,14.33%,Derr Chieftain,
Derr Dunes,-,SB+,-,17.95%,Grunt,
Derr Dunes,-,SB+,-,17.19%,Renegade,
Derr Dunes,-,SB+,-,17.17%,Seer,
Derr Dunes,-,SB+,-,17.17%,Spellbinder,
Derr Dunes,-,SB+,-,16.85%,Mintaka,
Derr Dunes,-,SB+,-,4.71%,Trailblazer,
Derr Dunes,-,SB+,-,4.23%,Healer,
Derr Dunes,-,SB+,-,4.01%,Wordsmith,
Derr Dunes,-,SB+,-,0.72%,Black Widow,
Derr Dunes,-,Gouda,-,15.97%,Spellbinder,
Derr Dunes,-,Gouda,-,15.74%,Seer,
Derr Dunes,-,Gouda,-,15.73%,Renegade,
Derr Dunes,-,Gouda,-,15.73%,Mintaka,
Derr Dunes,-,Gouda,-,11.77%,Grunt,
Derr Dunes,-,Gouda,-,9.19%,Trailblazer,
Derr Dunes,-,Gouda,-,7.93%,Healer,
Derr Dunes,-,Gouda,-,7.93%,Wordsmith,
Derr Dunes,-,Brie/Swiss/White Cheddar/Marble/Mozzarella/Cheddar,-,19.52%,Sylvan,
Derr Dunes,-,Brie/Swiss/White Cheddar/Marble/Mozzarella/Cheddar,-,11.40%,Spellbinder,
Derr Dunes,-,Brie/Swiss/White Cheddar/Marble/Mozzarella/Cheddar,-,10.97%,Mintaka,
Derr Dunes,-,Brie/Swiss/White Cheddar/Marble/Mozzarella/Cheddar,-,10.95%,Renegade,
Derr Dunes,-,Brie/Swiss/White Cheddar/Marble/Mozzarella/Cheddar,-,10.95%,Seer,
Derr Dunes,-,Brie/Swiss/White Cheddar/Marble/Mozzarella/Cheddar,-,10.36%,Trailblazer,
Derr Dunes,-,Brie/Swiss/White Cheddar/Marble/Mozzarella/Cheddar,-,9.43%,Healer,
Derr Dunes,-,Brie/Swiss/White Cheddar/Marble/Mozzarella/Cheddar,-,9.18%,Wordsmith,
Derr Dunes,-,Brie/Swiss/White Cheddar/Marble/Mozzarella/Cheddar,-,7.23%,Grunt,
Dojo,-,Gouda/Brie/Swiss/White Cheddar/Marble/Mozzarella/Cheddar,-,12.25%,Kung Fu,
Dojo,-,Gouda/Brie/Swiss/White Cheddar/Marble/Mozzarella/Cheddar,-,12.24%,Samurai,
Dojo,-,Gouda/Brie/Swiss/White Cheddar/Marble/Mozzarella/Cheddar,-,12.04%,Ninja,
Dojo,-,Gouda/Brie/Swiss/White Cheddar/Marble/Mozzarella/Cheddar,-,10.66%,Archer,
Dojo,-,Gouda/Brie/Swiss/White Cheddar/Marble/Mozzarella/Cheddar,-,8.95%,Gold,
Dojo,-,Gouda/Brie/Swiss/White Cheddar/Marble/Mozzarella/Cheddar,-,8.94%,Student of the Cheese Claw,
Dojo,-,Gouda/Brie/Swiss/White Cheddar/Marble/Mozzarella/Cheddar,-,8.74%,Student of the Cheese Fang,
Dojo,-,Gouda/Brie/Swiss/White Cheddar/Marble/Mozzarella/Cheddar,-,8.65%,Student of the Cheese Belt,
Dojo,-,Gouda/Brie/Swiss/White Cheddar/Marble/Mozzarella/Cheddar,-,7.60%,Monk,
Dojo,-,Gouda/Brie/Swiss/White Cheddar/Marble/Mozzarella/Cheddar,-,6.00%,Diamond,
Dojo,-,Gouda/Brie/Swiss/White Cheddar/Marble/Mozzarella/Cheddar,-,3.09%,Hapless,
Dojo,-,Gouda/Brie/Swiss/White Cheddar/Marble/Mozzarella/Cheddar,-,0.84%,Assassin,
Dojo,-,Maki,-,23.37%,Student of the Cheese Claw,
Dojo,-,Maki,-,23.32%,Student of the Cheese Fang,
Dojo,-,Maki,-,23.14%,Student of the Cheese Belt,
Dojo,-,Maki,-,4.85%,Kung Fu,
Dojo,-,Maki,-,4.72%,Ninja,
Dojo,-,Maki,-,4.08%,Archer,
Dojo,-,Maki,-,3.60%,Gold,
Dojo,-,Maki,-,2.92%,Monk,
Dojo,-,Maki,-,2.90%,Worker,
Dojo,-,Maki,-,2.88%,Samurai,
Dojo,-,Maki,-,2.43%,Diamond,
Dojo,-,Maki,-,1.79%,Assassin,
Dojo,-,SB+,-,13.89%,Student of the Cheese Fang,
Dojo,-,SB+,-,13.63%,Student of the Cheese Claw,
Dojo,-,SB+,-,13.56%,Student of the Cheese Belt,
Dojo,-,SB+,-,9.72%,Ninja,
Dojo,-,SB+,-,9.43%,Kung Fu,
Dojo,-,SB+,-,8.80%,Archer,
Dojo,-,SB+,-,7.77%,Gold,
Dojo,-,SB+,-,6.03%,Samurai,
Dojo,-,SB+,-,5.84%,Monk,
Dojo,-,SB+,-,5.34%,Diamond,
Dojo,-,SB+,-,4.28%,Worker,
Dojo,-,SB+,-,1.70%,Assassin,
Dracano,-,Inferno Havarti,-,38.55%,Dragon,
Dracano,-,Inferno Havarti,-,32.03%,Whelpling,
Dracano,-,Inferno Havarti,-,29.42%,Draconic Warden,
Elub Shore,-,Shell,-,57.58%,Protector,
Elub Shore,-,Shell,-,28.30%,Champion,
Elub Shore,-,Shell,-,14.12%,Elub Chieftain,
Elub Shore,-,SB+,-,17.69%,Mystic,
Elub Shore,-,SB+,-,17.64%,Vanquisher,
Elub Shore,-,SB+,-,17.18%,Soothsayer,
Elub Shore,-,SB+,-,16.76%,Pack,
Elub Shore,-,SB+,-,16.58%,Alnitak,
Elub Shore,-,SB+,-,4.56%,Scout,
Elub Shore,-,SB+,-,4.37%,Taleweaver,
Elub Shore,-,SB+,-,4.35%,Alchemist,
Elub Shore,-,SB+,-,0.87%,Black Widow,
Elub Shore,-,Gouda,-,15.98%,Soothsayer,
Elub Shore,-,Gouda,-,15.88%,Vanquisher,
Elub Shore,-,Gouda,-,15.80%,Alnitak,
Elub Shore,-,Gouda,-,15.79%,Mystic,
Elub Shore,-,Gouda,-,11.76%,Pack,
Elub Shore,-,Gouda,-,8.86%,Alchemist,
Elub Shore,-,Gouda,-,8.00%,Scout,
Elub Shore,-,Gouda,-,7.93%,Taleweaver,
Elub Shore,-,Brie/Swiss/White Cheddar/Marble/Mozzarella/Cheddar,-,24.03%,Pinchy,
Elub Shore,-,Brie/Swiss/White Cheddar/Marble/Mozzarella/Cheddar,-,10.73%,Vanquisher,
Elub Shore,-,Brie/Swiss/White Cheddar/Marble/Mozzarella/Cheddar,-,10.70%,Mystic,
Elub Shore,-,Brie/Swiss/White Cheddar/Marble/Mozzarella/Cheddar,-,10.28%,Soothsayer,
Elub Shore,-,Brie/Swiss/White Cheddar/Marble/Mozzarella/Cheddar,-,10.09%,Alchemist,
Elub Shore,-,Brie/Swiss/White Cheddar/Marble/Mozzarella/Cheddar,-,9.77%,Alnitak,
Elub Shore,-,Brie/Swiss/White Cheddar/Marble/Mozzarella/Cheddar,-,9.51%,Taleweaver,
Elub Shore,-,Brie/Swiss/White Cheddar/Marble/Mozzarella/Cheddar,-,8.61%,Scout,
Elub Shore,-,Brie/Swiss/White Cheddar/Marble/Mozzarella/Cheddar,-,6.30%,Pack,
Event Mice,-,SB+,-,11.11%,Birthday,
Event Mice,-,SB+,-,11.11%,Glitchpaw,
Event Mice,-,SB+,-,11.11%,High Roller,
Event Mice,-,SB+,-,11.11%,Hope,
Event Mice,-,SB+,-,11.11%,Leprechaun,
Event Mice,-,SB+,-,11.11%,Lucky,
Event Mice,-,SB+,-,11.11%,Mobster,
Event Mice,-,SB+,-,11.11%,Snooty,
Event Mice,-,SB+,-,11.11%,Treasurer,
Fiery Warpath,Wave 1,SB+,-,30.42%,Desert Archer,9499
Fiery Warpath,Wave 1,SB+,-,29.48%,Desert Soldier,
Fiery Warpath,Wave 1,SB+,-,26.95%,Vanguard,
Fiery Warpath,Wave 1,SB+,-,6.78%,Crimson Commander,
Fiery Warpath,Wave 1,SB+,-,3.94%,Gargantuamouse,
Fiery Warpath,Wave 1,SB+,-,2.43%,Caravan Guard,
Fiery Warpath,Wave 1,SB+,Warpath Archer,85.72%,Desert Archer,6100
Fiery Warpath,Wave 1,SB+,Warpath Archer,5.18%,Desert Soldier,
Fiery Warpath,Wave 1,SB+,Warpath Archer,4.66%,Vanguard,
Fiery Warpath,Wave 1,SB+,Warpath Archer,1.98%,Crimson Commander,
Fiery Warpath,Wave 1,SB+,Warpath Archer,1.34%,Gargantuamouse,
Fiery Warpath,Wave 1,SB+,Warpath Archer,0.70%,Caravan Guard,
Fiery Warpath,Wave 1,SB+,Warpath Scout,84.69%,Vanguard,6781
Fiery Warpath,Wave 1,SB+,Warpath Scout,5.47%,Desert Soldier,
Fiery Warpath,Wave 1,SB+,Warpath Scout,5.31%,Desert Archer,
Fiery Warpath,Wave 1,SB+,Warpath Scout,1.90%,Crimson Commander,
Fiery Warpath,Wave 1,SB+,Warpath Scout,1.59%,Gargantuamouse,
Fiery Warpath,Wave 1,SB+,Warpath Scout,0.56%,Caravan Guard,
Fiery Warpath,Wave 1,SB+,Super Warpath Archer,91.88%,Desert Archer,4505
Fiery Warpath,Wave 1,SB+,Super Warpath Archer,3.00%,Gargantuamouse,
Fiery Warpath,Wave 1,SB+,Super Warpath Archer,1.62%,Crimson Commander,
Fiery Warpath,Wave 1,SB+,Super Warpath Archer,1.51%,Vanguard,
Fiery Warpath,Wave 1,SB+,Super Warpath Archer,1.29%,Desert Soldier,
Fiery Warpath,Wave 1,SB+,Super Warpath Archer,0.38%,Caravan Guard,
Fiery Warpath,Wave 1,SB+,Super Warpath Commander,76.04%,Crimson Commander,989
Fiery Warpath,Wave 1,SB+,Super Warpath Commander,11.22%,Gargantuamouse,
Fiery Warpath,Wave 1,SB+,Super Warpath Commander,4.35%,Vanguard,
Fiery Warpath,Wave 1,SB+,Super Warpath Commander,3.44%,Desert Archer,
Fiery Warpath,Wave 1,SB+,Super Warpath Commander,3.13%,Desert Soldier,
Fiery Warpath,Wave 1,SB+,Super Warpath Commander,1.42%,Caravan Guard,
Fiery Warpath,Wave 1,SB+,Super Warpath Scout,91.67%,Vanguard,5004
Fiery Warpath,Wave 1,SB+,Super Warpath Scout,3.00%,Gargantuamouse,
Fiery Warpath,Wave 1,SB+,Super Warpath Scout,1.72%,Desert Soldier,
Fiery Warpath,Wave 1,SB+,Super Warpath Scout,1.48%,Crimson Commander,
Fiery Warpath,Wave 1,SB+,Super Warpath Scout,1.36%,Desert Archer,
Fiery Warpath,Wave 1,SB+,Super Warpath Scout,0.48%,Caravan Guard,
Fiery Warpath,Wave 1,SB+,Super Warpath Warrior,92.51%,Desert Soldier,4831
Fiery Warpath,Wave 1,SB+,Super Warpath Warrior,2.63%,Gargantuamouse,
Fiery Warpath,Wave 1,SB+,Super Warpath Warrior,1.51%,Crimson Commander,
Fiery Warpath,Wave 1,SB+,Super Warpath Warrior,1.47%,Vanguard,
Fiery Warpath,Wave 1,SB+,Super Warpath Warrior,1.01%,Desert Archer,
Fiery Warpath,Wave 1,SB+,Super Warpath Warrior,0.48%,Caravan Guard,
Fiery Warpath,Wave 1,SB+,Warpath Warrior,85.80%,Desert Soldier,6773
Fiery Warpath,Wave 1,SB+,Warpath Warrior,5.33%,Desert Archer,
Fiery Warpath,Wave 1,SB+,Warpath Warrior,4.93%,Vanguard,
Fiery Warpath,Wave 1,SB+,Warpath Warrior,1.54%,Crimson Commander,
Fiery Warpath,Wave 1,SB+,Warpath Warrior,1.30%,Gargantuamouse,
Fiery Warpath,Wave 1,SB+,Warpath Warrior,0.53%,Caravan Guard,
Fiery Warpath,Wave 1,Gouda,-,30.85%,Desert Soldier,54779
Fiery Warpath,Wave 1,Gouda,-,30.83%,Desert Archer,
Fiery Warpath,Wave 1,Gouda,-,27.81%,Vanguard,
Fiery Warpath,Wave 1,Gouda,-,7.27%,Caravan Guard,
Fiery Warpath,Wave 1,Gouda,-,3.02%,Crimson Commander,
Fiery Warpath,Wave 1,Gouda,-,0.22%,Gargantuamouse,
Fiery Warpath,Wave 1,Gouda,Warpath Archer,84.76%,Desert Archer,34571
Fiery Warpath,Wave 1,Gouda,Warpath Archer,6.83%,Desert Soldier,
Fiery Warpath,Wave 1,Gouda,Warpath Archer,5.84%,Vanguard,
Fiery Warpath,Wave 1,Gouda,Warpath Archer,1.28%,Caravan Guard,
Fiery Warpath,Wave 1,Gouda,Warpath Archer,0.85%,Crimson Commander,
Fiery Warpath,Wave 1,Gouda,Warpath Archer,0.44%,Gargantuamouse,
Fiery Warpath,Wave 1,Gouda,Warpath Scout,83.77%,Vanguard,36261
Fiery Warpath,Wave 1,Gouda,Warpath Scout,7.47%,Desert Archer,
Fiery Warpath,Wave 1,Gouda,Warpath Scout,6.46%,Desert Soldier,
Fiery Warpath,Wave 1,Gouda,Warpath Scout,1.13%,Caravan Guard,
Fiery Warpath,Wave 1,Gouda,Warpath Scout,0.65%,Crimson Commander,
Fiery Warpath,Wave 1,Gouda,Warpath Scout,0.53%,Gargantuamouse,
Fiery Warpath,Wave 1,Gouda,Warpath Warrior,84.61%,Desert Soldier,37803
Fiery Warpath,Wave 1,Gouda,Warpath Warrior,6.85%,Desert Archer,
Fiery Warpath,Wave 1,Gouda,Warpath Warrior,6.53%,Vanguard,
Fiery Warpath,Wave 1,Gouda,Warpath Warrior,1.09%,Caravan Guard,
Fiery Warpath,Wave 1,Gouda,Warpath Warrior,0.58%,Crimson Commander,
Fiery Warpath,Wave 1,Gouda,Warpath Warrior,0.34%,Gargantuamouse,
Fiery Warpath,Wave 1,Brie,-,31.51%,Desert Archer,16432
Fiery Warpath,Wave 1,Brie,-,29.37%,Vanguard,
Fiery Warpath,Wave 1,Brie,-,28.89%,Desert Soldier,
Fiery Warpath,Wave 1,Brie,-,7.35%,Caravan Guard,
Fiery Warpath,Wave 1,Brie,-,2.79%,Crimson Commander,
Fiery Warpath,Wave 1,Brie,-,0.08%,Gargantuamouse,
Fiery Warpath,Wave 1,Brie,Warpath Archer,81.99%,Desert Archer,7073
Fiery Warpath,Wave 1,Brie,Warpath Archer,8.23%,Vanguard,
Fiery Warpath,Wave 1,Brie,Warpath Archer,7.24%,Desert Soldier,
Fiery Warpath,Wave 1,Brie,Warpath Archer,1.40%,Caravan Guard,
Fiery Warpath,Wave 1,Brie,Warpath Archer,0.86%,Crimson Commander,
Fiery Warpath,Wave 1,Brie,Warpath Archer,0.28%,Gargantuamouse,
Fiery Warpath,Wave 1,Brie,Warpath Scout,77.49%,Vanguard,8178
Fiery Warpath,Wave 1,Brie,Warpath Scout,11.80%,Desert Archer,
Fiery Warpath,Wave 1,Brie,Warpath Scout,8.43%,Desert Soldier,
Fiery Warpath,Wave 1,Brie,Warpath Scout,1.08%,Caravan Guard,
Fiery Warpath,Wave 1,Brie,Warpath Scout,0.78%,Crimson Commander,
Fiery Warpath,Wave 1,Brie,Warpath Scout,0.43%,Gargantuamouse,
Fiery Warpath,Wave 1,Brie,Warpath Warrior,81.84%,Desert Soldier,8710
Fiery Warpath,Wave 1,Brie,Warpath Warrior,8.03%,Desert Archer,
Fiery Warpath,Wave 1,Brie,Warpath Warrior,7.98%,Vanguard,
Fiery Warpath,Wave 1,Brie,Warpath Warrior,1.09%,Caravan Guard,
Fiery Warpath,Wave 1,Brie,Warpath Warrior,0.61%,Crimson Commander,
Fiery Warpath,Wave 1,Brie,Warpath Warrior,0.28%,Gargantuamouse,
Fiery Warpath,Wave 1,SB+/Gouda/Brie,Gargantua Guarantee,100.00%,Gargantuamouse,
Fiery Warpath,Wave 2,SB+,-,39.19%,Sand Cavalry,17728
Fiery Warpath,Wave 2,SB+,-,14.02%,Flame Archer,
Fiery Warpath,Wave 2,SB+,-,12.79%,Flame Warrior,
Fiery Warpath,Wave 2,SB+,-,12.34%,Sentinel,
Fiery Warpath,Wave 2,SB+,-,11.43%,Inferno Mage,
Fiery Warpath,Wave 2,SB+,-,6.55%,Crimson Commander,
Fiery Warpath,Wave 2,SB+,-,1.90%,Gargantuamouse,
Fiery Warpath,Wave 2,SB+,-,1.79%,Caravan Guard,
Fiery Warpath,Wave 2,SB+,Warpath Archer,81.06%,Flame Archer,7588
Fiery Warpath,Wave 2,SB+,Warpath Archer,7.60%,Sand Cavalry,
Fiery Warpath,Wave 2,SB+,Warpath Archer,2.94%,Inferno Mage,
Fiery Warpath,Wave 2,SB+,Warpath Archer,2.90%,Flame Warrior,
Fiery Warpath,Wave 2,SB+,Warpath Archer,2.64%,Sentinel,
Fiery Warpath,Wave 2,SB+,Warpath Archer,1.32%,Crimson Commander,
Fiery Warpath,Wave 2,SB+,Warpath Archer,0.72%,Gargantuamouse,
Fiery Warpath,Wave 2,SB+,Warpath Archer,0.33%,Caravan Guard,
Fiery Warpath,Wave 2,SB+,Warpath Cavalry,82.72%,Sand Cavalry,4797
Fiery Warpath,Wave 2,SB+,Warpath Cavalry,4.94%,Inferno Mage,
Fiery Warpath,Wave 2,SB+,Warpath Cavalry,3.36%,Sentinel,
Fiery Warpath,Wave 2,SB+,Warpath Cavalry,3.25%,Flame Warrior,
Fiery Warpath,Wave 2,SB+,Warpath Cavalry,2.92%,Flame Archer,
Fiery Warpath,Wave 2,SB+,Warpath Cavalry,1.29%,Crimson Commander,
Fiery Warpath,Wave 2,SB+,Warpath Cavalry,1.04%,Caravan Guard,
Fiery Warpath,Wave 2,SB+,Warpath Cavalry,0.29%,Gargantuamouse,
Fiery Warpath,Wave 2,SB+,Warpath Mage,73.01%,Inferno Mage,2301
Fiery Warpath,Wave 2,SB+,Warpath Mage,12.91%,Sand Cavalry,
Fiery Warpath,Wave 2,SB+,Warpath Mage,4.26%,Flame Warrior,
Fiery Warpath,Wave 2,SB+,Warpath Mage,4.22%,Flame Archer,
Fiery Warpath,Wave 2,SB+,Warpath Mage,3.17%,Sentinel,
Fiery Warpath,Wave 2,SB+,Warpath Mage,1.35%,Crimson Commander,
Fiery Warpath,Wave 2,SB+,Warpath Mage,0.39%,Caravan Guard,
Fiery Warpath,Wave 2,SB+,Warpath Mage,0.13%,Gargantuamouse,
Fiery Warpath,Wave 2,SB+,Warpath Scout,79.29%,Sentinel,7695
Fiery Warpath,Wave 2,SB+,Warpath Scout,7.33%,Sand Cavalry,
Fiery Warpath,Wave 2,SB+,Warpath Scout,3.87%,Flame Archer,
Fiery Warpath,Wave 2,SB+,Warpath Scout,3.24%,Inferno Mage,
Fiery Warpath,Wave 2,SB+,Warpath Scout,2.91%,Flame Warrior,
Fiery Warpath,Wave 2,SB+,Warpath Scout,1.70%,Crimson Commander,
Fiery Warpath,Wave 2,SB+,Warpath Scout,0.74%,Gargantuamouse,
Fiery Warpath,Wave 2,SB+,Warpath Scout,0.40%,Caravan Guard,
Fiery Warpath,Wave 2,SB+,Super Warpath Archer,91.79%,Flame Archer,6990
Fiery Warpath,Wave 2,SB+,Super Warpath Archer,2.05%,Gargantuamouse,
Fiery Warpath,Wave 2,SB+,Super Warpath Archer,1.70%,Sand Cavalry,
Fiery Warpath,Wave 2,SB+,Super Warpath Archer,1.33%,Crimson Commander,
Fiery Warpath,Wave 2,SB+,Super Warpath Archer,1.00%,Flame Warrior,
Fiery Warpath,Wave 2,SB+,Super Warpath Archer,0.90%,Sentinel,
Fiery Warpath,Wave 2,SB+,Super Warpath Archer,0.52%,Inferno Mage,
Fiery Warpath,Wave 2,SB+,Super Warpath Archer,0.37%,Caravan Guard,
Fiery Warpath,Wave 2,SB+,Super Warpath Cavalry,94.45%,Sand Cavalry,8948
Fiery Warpath,Wave 2,SB+,Super Warpath Cavalry,1.11%,Crimson Commander,
Fiery Warpath,Wave 2,SB+,Super Warpath Cavalry,0.95%,Gargantuamouse,
Fiery Warpath,Wave 2,SB+,Super Warpath Cavalry,0.86%,Flame Archer,
Fiery Warpath,Wave 2,SB+,Super Warpath Cavalry,0.80%,Sentinel,
Fiery Warpath,Wave 2,SB+,Super Warpath Cavalry,0.66%,Flame Warrior,
Fiery Warpath,Wave 2,SB+,Super Warpath Cavalry,0.58%,Inferno Mage,
Fiery Warpath,Wave 2,SB+,Super Warpath Cavalry,0.30%,Caravan Guard,
Fiery Warpath,Wave 2,SB+,Super Warpath Commander,77.19%,Crimson Commander,2113
Fiery Warpath,Wave 2,SB+,Super Warpath Commander,9.13%,Gargantuamouse,
Fiery Warpath,Wave 2,SB+,Super Warpath Commander,3.36%,Sand Cavalry,
Fiery Warpath,Wave 2,SB+,Super Warpath Commander,3.08%,Flame Archer,
Fiery Warpath,Wave 2,SB+,Super Warpath Commander,2.41%,Flame Warrior,
Fiery Warpath,Wave 2,SB+,Super Warpath Commander,2.04%,Sentinel,
Fiery Warpath,Wave 2,SB+,Super Warpath Commander,1.33%,Caravan Guard,
Fiery Warpath,Wave 2,SB+,Super Warpath Commander,1.23%,Inferno Mage,
Fiery Warpath,Wave 2,SB+,Super Warpath Mage,92.85%,Inferno Mage,3634
Fiery Warpath,Wave 2,SB+,Super Warpath Mage,2.17%,Sand Cavalry,
Fiery Warpath,Wave 2,SB+,Super Warpath Mage,1.07%,Crimson Commander,
Fiery Warpath,Wave 2,SB+,Super Warpath Mage,0.99%,Flame Warrior,
Fiery Warpath,Wave 2,SB+,Super Warpath Mage,0.96%,Sentinel,
Fiery Warpath,Wave 2,SB+,Super Warpath Mage,0.69%,Gargantuamouse,
Fiery Warpath,Wave 2,SB+,Super Warpath Mage,0.50%,Flame Archer,
Fiery Warpath,Wave 2,SB+,Super Warpath Mage,0.39%,Caravan Guard,
Fiery Warpath,Wave 2,SB+,Super Warpath Scout,92.46%,Sentinel,6747
Fiery Warpath,Wave 2,SB+,Super Warpath Scout,1.91%,Gargantuamouse,
Fiery Warpath,Wave 2,SB+,Super Warpath Scout,1.57%,Crimson Commander,
Fiery Warpath,Wave 2,SB+,Super Warpath Scout,1.16%,Sand Cavalry,
Fiery Warpath,Wave 2,SB+,Super Warpath Scout,1.10%,Flame Archer,
Fiery Warpath,Wave 2,SB+,Super Warpath Scout,0.71%,Flame Warrior,
Fiery Warpath,Wave 2,SB+,Super Warpath Scout,0.47%,Inferno Mage,
Fiery Warpath,Wave 2,SB+,Super Warpath Scout,0.39%,Caravan Guard,
Fiery Warpath,Wave 2,SB+,Super Warpath Warrior,92.72%,Flame Warrior,6583
Fiery Warpath,Wave 2,SB+,Super Warpath Warrior,1.75%,Gargantuamouse,
Fiery Warpath,Wave 2,SB+,Super Warpath Warrior,1.53%,Crimson Commander,
Fiery Warpath,Wave 2,SB+,Super Warpath Warrior,1.37%,Sand Cavalry,
Fiery Warpath,Wave 2,SB+,Super Warpath Warrior,0.84%,Flame Archer,
Fiery Warpath,Wave 2,SB+,Super Warpath Warrior,0.73%,Sentinel,
Fiery Warpath,Wave 2,SB+,Super Warpath Warrior,0.46%,Inferno Mage,
Fiery Warpath,Wave 2,SB+,Super Warpath Warrior,0.27%,Caravan Guard,
Fiery Warpath,Wave 2,SB+,Warpath Warrior,80.97%,Flame Warrior,8485
Fiery Warpath,Wave 2,SB+,Warpath Warrior,7.27%,Sand Cavalry,
Fiery Warpath,Wave 2,SB+,Warpath Warrior,3.57%,Sentinel,
Fiery Warpath,Wave 2,SB+,Warpath Warrior,2.80%,Flame Archer,
Fiery Warpath,Wave 2,SB+,Warpath Warrior,2.76%,Inferno Mage,
Fiery Warpath,Wave 2,SB+,Warpath Warrior,1.30%,Crimson Commander,
Fiery Warpath,Wave 2,SB+,Warpath Warrior,0.58%,Gargantuamouse,
Fiery Warpath,Wave 2,SB+,Warpath Warrior,0.41%,Caravan Guard,
Fiery Warpath,Wave 2,Gouda,-,43.14%,Sand Cavalry,114030
Fiery Warpath,Wave 2,Gouda,-,15.95%,Inferno Mage,
Fiery Warpath,Wave 2,Gouda,-,10.79%,Flame Warrior,
Fiery Warpath,Wave 2,Gouda,-,10.71%,Flame Archer,
Fiery Warpath,Wave 2,Gouda,-,10.43%,Sentinel,
Fiery Warpath,Wave 2,Gouda,-,6.46%,Caravan Guard,
Fiery Warpath,Wave 2,Gouda,-,2.45%,Crimson Commander,
Fiery Warpath,Wave 2,Gouda,-,0.08%,Gargantuamouse,
Fiery Warpath,Wave 2,Gouda,Warpath Archer,78.43%,Flame Archer,56604
Fiery Warpath,Wave 2,Gouda,Warpath Archer,10.57%,Sand Cavalry,
Fiery Warpath,Wave 2,Gouda,Warpath Archer,4.38%,Inferno Mage,
Fiery Warpath,Wave 2,Gouda,Warpath Archer,2.52%,Flame Warrior,
Fiery Warpath,Wave 2,Gouda,Warpath Archer,2.35%,Sentinel,
Fiery Warpath,Wave 2,Gouda,Warpath Archer,1.00%,Caravan Guard,
Fiery Warpath,Wave 2,Gouda,Warpath Archer,0.50%,Crimson Commander,
Fiery Warpath,Wave 2,Gouda,Warpath Archer,0.23%,Gargantuamouse,
Fiery Warpath,Wave 2,Gouda,Warpath Cavalry,83.13%,Sand Cavalry,17687
Fiery Warpath,Wave 2,Gouda,Warpath Cavalry,7.43%,Inferno Mage,
Fiery Warpath,Wave 2,Gouda,Warpath Cavalry,2.50%,Flame Archer,
Fiery Warpath,Wave 2,Gouda,Warpath Cavalry,2.30%,Flame Warrior,
Fiery Warpath,Wave 2,Gouda,Warpath Cavalry,2.30%,Sentinel,
Fiery Warpath,Wave 2,Gouda,Warpath Cavalry,1.31%,Caravan Guard,
Fiery Warpath,Wave 2,Gouda,Warpath Cavalry,0.92%,Crimson Commander,
Fiery Warpath,Wave 2,Gouda,Warpath Cavalry,0.11%,Gargantuamouse,
Fiery Warpath,Wave 2,Gouda,Warpath Mage,73.80%,Inferno Mage,13368
Fiery Warpath,Wave 2,Gouda,Warpath Mage,18.18%,Sand Cavalry,
Fiery Warpath,Wave 2,Gouda,Warpath Mage,2.32%,Flame Archer,
Fiery Warpath,Wave 2,Gouda,Warpath Mage,2.19%,Sentinel,
Fiery Warpath,Wave 2,Gouda,Warpath Mage,1.82%,Flame Warrior,
Fiery Warpath,Wave 2,Gouda,Warpath Mage,1.05%,Caravan Guard,
Fiery Warpath,Wave 2,Gouda,Warpath Mage,0.61%,Crimson Commander,
Fiery Warpath,Wave 2,Gouda,Warpath Mage,0.03%,Gargantuamouse,
Fiery Warpath,Wave 2,Gouda,Warpath Scout,77.99%,Sentinel,56383
Fiery Warpath,Wave 2,Gouda,Warpath Scout,10.22%,Sand Cavalry,
Fiery Warpath,Wave 2,Gouda,Warpath Scout,4.11%,Inferno Mage,
Fiery Warpath,Wave 2,Gouda,Warpath Scout,3.42%,Flame Archer,
Fiery Warpath,Wave 2,Gouda,Warpath Scout,2.50%,Flame Warrior,
Fiery Warpath,Wave 2,Gouda,Warpath Scout,0.97%,Caravan Guard,
Fiery Warpath,Wave 2,Gouda,Warpath Scout,0.54%,Crimson Commander,
Fiery Warpath,Wave 2,Gouda,Warpath Scout,0.23%,Gargantuamouse,
Fiery Warpath,Wave 2,Gouda,Super Warpath Archer,90.66%,Flame Archer,1178
Fiery Warpath,Wave 2,Gouda,Super Warpath Archer,3.14%,Sand Cavalry,
Fiery Warpath,Wave 2,Gouda,Super Warpath Archer,1.61%,Sentinel,
Fiery Warpath,Wave 2,Gouda,Super Warpath Archer,1.53%,Caravan Guard,
Fiery Warpath,Wave 2,Gouda,Super Warpath Archer,1.36%,Inferno Mage,
Fiery Warpath,Wave 2,Gouda,Super Warpath Archer,0.85%,Flame Warrior,
Fiery Warpath,Wave 2,Gouda,Super Warpath Archer,0.51%,Crimson Commander,
Fiery Warpath,Wave 2,Gouda,Super Warpath Archer,0.34%,Gargantuamouse,
Fiery Warpath,Wave 2,Gouda,Super Warpath Cavalry,94.33%,Sand Cavalry,1551
Fiery Warpath,Wave 2,Gouda,Super Warpath Cavalry,1.68%,Inferno Mage,
Fiery Warpath,Wave 2,Gouda,Super Warpath Cavalry,1.16%,Flame Archer,
Fiery Warpath,Wave 2,Gouda,Super Warpath Cavalry,0.77%,Caravan Guard,
Fiery Warpath,Wave 2,Gouda,Super Warpath Cavalry,0.64%,Sentinel,
Fiery Warpath,Wave 2,Gouda,Super Warpath Cavalry,0.58%,Flame Warrior,
Fiery Warpath,Wave 2,Gouda,Super Warpath Cavalry,0.45%,Gargantuamouse,
Fiery Warpath,Wave 2,Gouda,Super Warpath Cavalry,0.39%,Crimson Commander,
Fiery Warpath,Wave 2,Gouda,Super Warpath Mage,89.14%,Inferno Mage,902
Fiery Warpath,Wave 2,Gouda,Super Warpath Mage,5.88%,Sand Cavalry,
Fiery Warpath,Wave 2,Gouda,Super Warpath Mage,2.00%,Flame Archer,
Fiery Warpath,Wave 2,Gouda,Super Warpath Mage,1.00%,Sentinel,
Fiery Warpath,Wave 2,Gouda,Super Warpath Mage,0.78%,Flame Warrior,
Fiery Warpath,Wave 2,Gouda,Super Warpath Mage,0.67%,Caravan Guard,
Fiery Warpath,Wave 2,Gouda,Super Warpath Mage,0.33%,Gargantuamouse,
Fiery Warpath,Wave 2,Gouda,Super Warpath Mage,0.22%,Crimson Commander,
Fiery Warpath,Wave 2,Gouda,Super Warpath Scout,88.64%,Sentinel,1224
Fiery Warpath,Wave 2,Gouda,Super Warpath Scout,3.84%,Sand Cavalry,
Fiery Warpath,Wave 2,Gouda,Super Warpath Scout,1.88%,Flame Archer,
Fiery Warpath,Wave 2,Gouda,Super Warpath Scout,1.72%,Inferno Mage,
Fiery Warpath,Wave 2,Gouda,Super Warpath Scout,1.47%,Caravan Guard,
Fiery Warpath,Wave 2,Gouda,Super Warpath Scout,1.23%,Flame Warrior,
Fiery Warpath,Wave 2,Gouda,Super Warpath Scout,0.74%,Gargantuamouse,
Fiery Warpath,Wave 2,Gouda,Super Warpath Scout,0.49%,Crimson Commander,
Fiery Warpath,Wave 2,Gouda,Super Warpath Warrior,88.08%,Flame Warrior,1435
Fiery Warpath,Wave 2,Gouda,Super Warpath Warrior,4.53%,Sand Cavalry,
Fiery Warpath,Wave 2,Gouda,Super Warpath Warrior,1.88%,Sentinel,
Fiery Warpath,Wave 2,Gouda,Super Warpath Warrior,1.39%,Flame Archer,
Fiery Warpath,Wave 2,Gouda,Super Warpath Warrior,1.32%,Inferno Mage,
Fiery Warpath,Wave 2,Gouda,Super Warpath Warrior,1.25%,Caravan Guard,
Fiery Warpath,Wave 2,Gouda,Super Warpath Warrior,0.91%,Crimson Commander,
Fiery Warpath,Wave 2,Gouda,Super Warpath Warrior,0.63%,Gargantuamouse,
Fiery Warpath,Wave 2,Gouda,Warpath Warrior,78.37%,Flame Warrior,60642
Fiery Warpath,Wave 2,Gouda,Warpath Warrior,10.21%,Sand Cavalry,
Fiery Warpath,Wave 2,Gouda,Warpath Warrior,3.95%,Inferno Mage,
Fiery Warpath,Wave 2,Gouda,Warpath Warrior,2.93%,Flame Archer,
Fiery Warpath,Wave 2,Gouda,Warpath Warrior,2.86%,Sentinel,
Fiery Warpath,Wave 2,Gouda,Warpath Warrior,0.91%,Caravan Guard,
Fiery Warpath,Wave 2,Gouda,Warpath Warrior,0.57%,Crimson Commander,
Fiery Warpath,Wave 2,Gouda,Warpath Warrior,0.20%,Gargantuamouse,
Fiery Warpath,Wave 2,Brie,-,38.17%,Sand Cavalry,33002
Fiery Warpath,Wave 2,Brie,-,16.76%,Inferno Mage,
Fiery Warpath,Wave 2,Brie,-,12.20%,Flame Warrior,
Fiery Warpath,Wave 2,Brie,-,11.71%,Flame Archer,
Fiery Warpath,Wave 2,Brie,-,11.44%,Sentinel,
Fiery Warpath,Wave 2,Brie,-,7.00%,Caravan Guard,
Fiery Warpath,Wave 2,Brie,-,2.70%,Crimson Commander,
Fiery Warpath,Wave 2,Brie,-,0.02%,Gargantuamouse,
Fiery Warpath,Wave 2,Brie,Warpath Archer,76.69%,Flame Archer,12435
Fiery Warpath,Wave 2,Brie,Warpath Archer,12.08%,Sand Cavalry,
Fiery Warpath,Wave 2,Brie,Warpath Archer,5.14%,Inferno Mage,
Fiery Warpath,Wave 2,Brie,Warpath Archer,2.25%,Sentinel,
Fiery Warpath,Wave 2,Brie,Warpath Archer,2.23%,Flame Warrior,
Fiery Warpath,Wave 2,Brie,Warpath Archer,1.05%,Caravan Guard,
Fiery Warpath,Wave 2,Brie,Warpath Archer,0.56%,Crimson Commander,
Fiery Warpath,Wave 2,Brie,Warpath Archer,0.15%,Gargantuamouse,
Fiery Warpath,Wave 2,Brie,Warpath Cavalry,81.87%,Sand Cavalry,2510
Fiery Warpath,Wave 2,Brie,Warpath Cavalry,10.32%,Inferno Mage,
Fiery Warpath,Wave 2,Brie,Warpath Cavalry,2.23%,Flame Warrior,
Fiery Warpath,Wave 2,Brie,Warpath Cavalry,2.11%,Sentinel,
Fiery Warpath,Wave 2,Brie,Warpath Cavalry,1.55%,Flame Archer,
Fiery Warpath,Wave 2,Brie,Warpath Cavalry,1.12%,Caravan Guard,
Fiery Warpath,Wave 2,Brie,Warpath Cavalry,0.64%,Crimson Commander,
Fiery Warpath,Wave 2,Brie,Warpath Cavalry,0.16%,Gargantuamouse,
Fiery Warpath,Wave 2,Brie,Warpath Mage,71.10%,Inferno Mage,2000
Fiery Warpath,Wave 2,Brie,Warpath Mage,21.40%,Sand Cavalry,
Fiery Warpath,Wave 2,Brie,Warpath Mage,2.75%,Flame Archer,
Fiery Warpath,Wave 2,Brie,Warpath Mage,1.75%,Flame Warrior,
Fiery Warpath,Wave 2,Brie,Warpath Mage,1.60%,Sentinel,
Fiery Warpath,Wave 2,Brie,Warpath Mage,1.00%,Caravan Guard,
Fiery Warpath,Wave 2,Brie,Warpath Mage,0.40%,Crimson Commander,
Fiery Warpath,Wave 2,Brie,Warpath Scout,78.28%,Sentinel,11912
Fiery Warpath,Wave 2,Brie,Warpath Scout,10.07%,Sand Cavalry,
Fiery Warpath,Wave 2,Brie,Warpath Scout,4.26%,Inferno Mage,
Fiery Warpath,Wave 2,Brie,Warpath Scout,3.19%,Flame Archer,
Fiery Warpath,Wave 2,Brie,Warpath Scout,2.56%,Flame Warrior,
Fiery Warpath,Wave 2,Brie,Warpath Scout,0.92%,Caravan Guard,
Fiery Warpath,Wave 2,Brie,Warpath Scout,0.55%,Crimson Commander,
Fiery Warpath,Wave 2,Brie,Warpath Scout,0.16%,Gargantuamouse,
Fiery Warpath,Wave 2,Brie,Warpath Warrior,75.28%,Flame Warrior,14306
Fiery Warpath,Wave 2,Brie,Warpath Warrior,12.22%,Sand Cavalry,
Fiery Warpath,Wave 2,Brie,Warpath Warrior,4.91%,Inferno Mage,
Fiery Warpath,Wave 2,Brie,Warpath Warrior,3.28%,Flame Archer,
Fiery Warpath,Wave 2,Brie,Warpath Warrior,2.78%,Sentinel,
Fiery Warpath,Wave 2,Brie,Warpath Warrior,0.97%,Caravan Guard,
Fiery Warpath,Wave 2,Brie,Warpath Warrior,0.47%,Crimson Commander,
Fiery Warpath,Wave 2,Brie,Warpath Warrior,0.09%,Gargantuamouse,
Fiery Warpath,Wave 2,SB+/Gouda/Brie,Gargantua Guarantee,100.00%,Gargantuamouse,
Fiery Warpath,Wave 3,SB+,-,30.13%,Sandwing Cavalry,27055
Fiery Warpath,Wave 3,SB+,-,23.54%,Flame Ordnance,
Fiery Warpath,Wave 3,SB+,-,10.55%,Magmarage,
Fiery Warpath,Wave 3,SB+,-,9.54%,Crimson Titan,
Fiery Warpath,Wave 3,SB+,-,9.54%,Crimson Ranger,
Fiery Warpath,Wave 3,SB+,-,8.71%,Crimson Watch,
Fiery Warpath,Wave 3,SB+,-,5.49%,Crimson Commander,
Fiery Warpath,Wave 3,SB+,-,1.43%,Caravan Guard,
Fiery Warpath,Wave 3,SB+,-,1.08%,Gargantuamouse,
Fiery Warpath,Wave 3,SB+,Warpath Archer,77.34%,Crimson Ranger,10407
Fiery Warpath,Wave 3,SB+,Warpath Archer,8.52%,Sandwing Cavalry,
Fiery Warpath,Wave 3,SB+,Warpath Archer,3.44%,Magmarage,
Fiery Warpath,Wave 3,SB+,Warpath Archer,3.31%,Flame Ordnance,
Fiery Warpath,Wave 3,SB+,Warpath Archer,2.90%,Crimson Titan,
Fiery Warpath,Wave 3,SB+,Warpath Archer,1.99%,Crimson Watch,
Fiery Warpath,Wave 3,SB+,Warpath Archer,1.23%,Crimson Commander,
Fiery Warpath,Wave 3,SB+,Warpath Archer,0.49%,Gargantuamouse,
Fiery Warpath,Wave 3,SB+,Warpath Archer,0.37%,Caravan Guard,
Fiery Warpath,Wave 3,SB+,Warpath Cavalry,82.12%,Sandwing Cavalry,8488
Fiery Warpath,Wave 3,SB+,Warpath Cavalry,5.70%,Flame Ordnance,
Fiery Warpath,Wave 3,SB+,Warpath Cavalry,4.21%,Magmarage,
Fiery Warpath,Wave 3,SB+,Warpath Cavalry,2.26%,Crimson Ranger,
Fiery Warpath,Wave 3,SB+,Warpath Cavalry,1.90%,Crimson Watch,
Fiery Warpath,Wave 3,SB+,Warpath Cavalry,1.76%,Crimson Titan,
Fiery Warpath,Wave 3,SB+,Warpath Cavalry,1.10%,Crimson Commander,
Fiery Warpath,Wave 3,SB+,Warpath Cavalry,0.48%,Caravan Guard,
Fiery Warpath,Wave 3,SB+,Warpath Cavalry,0.15%,Gargantuamouse,
Fiery Warpath,Wave 3,SB+,Warpath Mage,75.24%,Magmarage,4540
Fiery Warpath,Wave 3,SB+,Warpath Mage,8.74%,Sandwing Cavalry,
Fiery Warpath,Wave 3,SB+,Warpath Mage,6.12%,Flame Ordnance,
Fiery Warpath,Wave 3,SB+,Warpath Mage,2.91%,Crimson Ranger,
Fiery Warpath,Wave 3,SB+,Warpath Mage,2.67%,Crimson Watch,
Fiery Warpath,Wave 3,SB+,Warpath Mage,2.49%,Crimson Titan,
Fiery Warpath,Wave 3,SB+,Warpath Mage,0.95%,Crimson Commander,
Fiery Warpath,Wave 3,SB+,Warpath Mage,0.37%,Caravan Guard,
Fiery Warpath,Wave 3,SB+,Warpath Mage,0.18%,Gargantuamouse,
Fiery Warpath,Wave 3,SB+,Warpath Scout,74.12%,Crimson Watch,10669
Fiery Warpath,Wave 3,SB+,Warpath Scout,9.56%,Sandwing Cavalry,
Fiery Warpath,Wave 3,SB+,Warpath Scout,4.16%,Magmarage,
Fiery Warpath,Wave 3,SB+,Warpath Scout,3.75%,Flame Ordnance,
Fiery Warpath,Wave 3,SB+,Warpath Scout,3.37%,Crimson Ranger,
Fiery Warpath,Wave 3,SB+,Warpath Scout,2.17%,Crimson Titan,
Fiery Warpath,Wave 3,SB+,Warpath Scout,1.42%,Crimson Commander,
Fiery Warpath,Wave 3,SB+,Warpath Scout,0.56%,Gargantuamouse,
Fiery Warpath,Wave 3,SB+,Warpath Scout,0.41%,Caravan Guard,
Fiery Warpath,Wave 3,SB+,Super Warpath Archer,94.03%,Crimson Ranger,11084
Fiery Warpath,Wave 3,SB+,Super Warpath Archer,1.32%,Crimson Commander,
Fiery Warpath,Wave 3,SB+,Super Warpath Archer,1.20%,Gargantuamouse,
Fiery Warpath,Wave 3,SB+,Super Warpath Archer,0.91%,Sandwing Cavalry,
Fiery Warpath,Wave 3,SB+,Super Warpath Archer,0.60%,Crimson Titan,
Fiery Warpath,Wave 3,SB+,Super Warpath Archer,0.51%,Flame Ordnance,
Fiery Warpath,Wave 3,SB+,Super Warpath Archer,0.49%,Magmarage,
Fiery Warpath,Wave 3,SB+,Super Warpath Archer,0.41%,Crimson Watch,
Fiery Warpath,Wave 3,SB+,Super Warpath Archer,0.22%,Caravan Guard,
Fiery Warpath,Wave 3,SB+,Super Warpath Cavalry,94.06%,Sandwing Cavalry,16607
Fiery Warpath,Wave 3,SB+,Super Warpath Cavalry,1.14%,Crimson Commander,
Fiery Warpath,Wave 3,SB+,Super Warpath Cavalry,1.12%,Flame Ordnance,
Fiery Warpath,Wave 3,SB+,Super Warpath Cavalry,0.73%,Magmarage,
Fiery Warpath,Wave 3,SB+,Super Warpath Cavalry,0.69%,Gargantuamouse,
Fiery Warpath,Wave 3,SB+,Super Warpath Cavalry,0.62%,Crimson Titan,
Fiery Warpath,Wave 3,SB+,Super Warpath Cavalry,0.57%,Crimson Watch,
Fiery Warpath,Wave 3,SB+,Super Warpath Cavalry,0.56%,Crimson Ranger,
Fiery Warpath,Wave 3,SB+,Super Warpath Cavalry,0.17%,Caravan Guard,
Fiery Warpath,Wave 3,SB+,Super Warpath Commander,81.55%,Crimson Commander,3279
Fiery Warpath,Wave 3,SB+,Super Warpath Commander,6.83%,Gargantuamouse,
Fiery Warpath,Wave 3,SB+,Super Warpath Commander,2.93%,Sandwing Cavalry,
Fiery Warpath,Wave 3,SB+,Super Warpath Commander,1.77%,Crimson Titan,
Fiery Warpath,Wave 3,SB+,Super Warpath Commander,1.46%,Flame Ordnance,
Fiery Warpath,Wave 3,SB+,Super Warpath Commander,1.43%,Caravan Guard,
Fiery Warpath,Wave 3,SB+,Super Warpath Commander,1.37%,Crimson Ranger,
Fiery Warpath,Wave 3,SB+,Super Warpath Commander,1.28%,Crimson Watch,
Fiery Warpath,Wave 3,SB+,Super Warpath Commander,1.10%,Magmarage,
Fiery Warpath,Wave 3,SB+,Super Warpath Mage,92.47%,Magmarage,7822
Fiery Warpath,Wave 3,SB+,Super Warpath Mage,1.94%,Flame Ordnance,
Fiery Warpath,Wave 3,SB+,Super Warpath Mage,1.89%,Sandwing Cavalry,
Fiery Warpath,Wave 3,SB+,Super Warpath Mage,1.02%,Crimson Commander,
Fiery Warpath,Wave 3,SB+,Super Warpath Mage,0.63%,Crimson Titan,
Fiery Warpath,Wave 3,SB+,Super Warpath Mage,0.59%,Gargantuamouse,
Fiery Warpath,Wave 3,SB+,Super Warpath Mage,0.55%,Crimson Ranger,
Fiery Warpath,Wave 3,SB+,Super Warpath Mage,0.43%,Crimson Watch,
Fiery Warpath,Wave 3,SB+,Super Warpath Mage,0.13%,Caravan Guard,
Fiery Warpath,Wave 3,SB+,Super Warpath Scout,93.39%,Crimson Watch,10991
Fiery Warpath,Wave 3,SB+,Super Warpath Scout,1.55%,Crimson Commander,
Fiery Warpath,Wave 3,SB+,Super Warpath Scout,1.37%,Gargantuamouse,
Fiery Warpath,Wave 3,SB+,Super Warpath Scout,1.06%,Sandwing Cavalry,
Fiery Warpath,Wave 3,SB+,Super Warpath Scout,0.67%,Crimson Titan,
Fiery Warpath,Wave 3,SB+,Super Warpath Scout,0.59%,Crimson Ranger,
Fiery Warpath,Wave 3,SB+,Super Warpath Scout,0.38%,Flame Ordnance,
Fiery Warpath,Wave 3,SB+,Super Warpath Scout,0.34%,Magmarage,
Fiery Warpath,Wave 3,SB+,Super Warpath Scout,0.25%,Caravan Guard,
Fiery Warpath,Wave 3,SB+,Super Warpath Warrior,93.66%,Crimson Titan,11064
Fiery Warpath,Wave 3,SB+,Super Warpath Warrior,1.35%,Crimson Commander,
Fiery Warpath,Wave 3,SB+,Super Warpath Warrior,1.13%,Sandwing Cavalry,
Fiery Warpath,Wave 3,SB+,Super Warpath Warrior,0.89%,Gargantuamouse,
Fiery Warpath,Wave 3,SB+,Super Warpath Warrior,0.69%,Crimson Ranger,
Fiery Warpath,Wave 3,SB+,Super Warpath Warrior,0.63%,Crimson Watch,
Fiery Warpath,Wave 3,SB+,Super Warpath Warrior,0.57%,Flame Ordnance,
Fiery Warpath,Wave 3,SB+,Super Warpath Warrior,0.47%,Magmarage,
Fiery Warpath,Wave 3,SB+,Super Warpath Warrior,0.34%,Caravan Guard,
Fiery Warpath,Wave 3,SB+,Warpath Warrior,75.48%,Crimson Titan,10934
Fiery Warpath,Wave 3,SB+,Warpath Warrior,9.25%,Sandwing Cavalry,
Fiery Warpath,Wave 3,SB+,Warpath Warrior,3.67%,Flame Ordnance,
Fiery Warpath,Wave 3,SB+,Warpath Warrior,3.61%,Magmarage,
Fiery Warpath,Wave 3,SB+,Warpath Warrior,2.84%,Crimson Ranger,
Fiery Warpath,Wave 3,SB+,Warpath Warrior,2.69%,Crimson Watch,
Fiery Warpath,Wave 3,SB+,Warpath Warrior,1.40%,Crimson Commander,
Fiery Warpath,Wave 3,SB+,Warpath Warrior,0.38%,Caravan Guard,
Fiery Warpath,Wave 3,SB+,Warpath Warrior,0.33%,Gargantuamouse,
Fiery Warpath,Wave 3,Gouda,-,32.93%,Sandwing Cavalry,174218
Fiery Warpath,Wave 3,Gouda,-,21.73%,Flame Ordnance,
Fiery Warpath,Wave 3,Gouda,-,14.17%,Magmarage,
Fiery Warpath,Wave 3,Gouda,-,7.85%,Crimson Ranger,
Fiery Warpath,Wave 3,Gouda,-,7.79%,Crimson Titan,
Fiery Warpath,Wave 3,Gouda,-,7.41%,Crimson Watch,
Fiery Warpath,Wave 3,Gouda,-,5.82%,Caravan Guard,
Fiery Warpath,Wave 3,Gouda,-,2.28%,Crimson Commander,
Fiery Warpath,Wave 3,Gouda,-,0.02%,Gargantuamouse,
Fiery Warpath,Wave 3,Gouda,Warpath Archer,76.60%,Crimson Ranger,77412
Fiery Warpath,Wave 3,Gouda,Warpath Archer,9.42%,Sandwing Cavalry,
Fiery Warpath,Wave 3,Gouda,Warpath Archer,4.27%,Magmarage,
Fiery Warpath,Wave 3,Gouda,Warpath Archer,3.55%,Flame Ordnance,
Fiery Warpath,Wave 3,Gouda,Warpath Archer,2.31%,Crimson Titan,
Fiery Warpath,Wave 3,Gouda,Warpath Archer,2.18%,Crimson Watch,
Fiery Warpath,Wave 3,Gouda,Warpath Archer,0.90%,Caravan Guard,
Fiery Warpath,Wave 3,Gouda,Warpath Archer,0.43%,Crimson Commander,
Fiery Warpath,Wave 3,Gouda,Warpath Archer,0.12%,Gargantuamouse,
Fiery Warpath,Wave 3,Gouda,Warpath Cavalry,81.22%,Sandwing Cavalry,44412
Fiery Warpath,Wave 3,Gouda,Warpath Cavalry,8.36%,Flame Ordnance,
Fiery Warpath,Wave 3,Gouda,Warpath Cavalry,5.30%,Magmarage,
Fiery Warpath,Wave 3,Gouda,Warpath Cavalry,1.33%,Crimson Ranger,
Fiery Warpath,Wave 3,Gouda,Warpath Cavalry,1.07%,Crimson Titan,
Fiery Warpath,Wave 3,Gouda,Warpath Cavalry,1.02%,Crimson Watch,
Fiery Warpath,Wave 3,Gouda,Warpath Cavalry,0.91%,Caravan Guard,
Fiery Warpath,Wave 3,Gouda,Warpath Cavalry,0.52%,Crimson Commander,
Fiery Warpath,Wave 3,Gouda,Warpath Cavalry,0.05%,Gargantuamouse,
Fiery Warpath,Wave 3,Gouda,Warpath Mage,73.93%,Magmarage,25494
Fiery Warpath,Wave 3,Gouda,Warpath Mage,11.30%,Sandwing Cavalry,
Fiery Warpath,Wave 3,Gouda,Warpath Mage,8.79%,Flame Ordnance,
Fiery Warpath,Wave 3,Gouda,Warpath Mage,1.54%,Crimson Ranger,
Fiery Warpath,Wave 3,Gouda,Warpath Mage,1.47%,Crimson Titan,
Fiery Warpath,Wave 3,Gouda,Warpath Mage,1.31%,Crimson Watch,
Fiery Warpath,Wave 3,Gouda,Warpath Mage,0.95%,Caravan Guard,
Fiery Warpath,Wave 3,Gouda,Warpath Mage,0.46%,Crimson Commander,
Fiery Warpath,Wave 3,Gouda,Warpath Mage,0.04%,Gargantuamouse,
Fiery Warpath,Wave 3,Gouda,Warpath Scout,77.76%,Crimson Watch,73251
Fiery Warpath,Wave 3,Gouda,Warpath Scout,8.20%,Sandwing Cavalry,
Fiery Warpath,Wave 3,Gouda,Warpath Scout,3.74%,Magmarage,
Fiery Warpath,Wave 3,Gouda,Warpath Scout,3.40%,Flame Ordnance,
Fiery Warpath,Wave 3,Gouda,Warpath Scout,2.96%,Crimson Ranger,
Fiery Warpath,Wave 3,Gouda,Warpath Scout,2.26%,Crimson Titan,
Fiery Warpath,Wave 3,Gouda,Warpath Scout,0.86%,Caravan Guard,
Fiery Warpath,Wave 3,Gouda,Warpath Scout,0.42%,Crimson Commander,
Fiery Warpath,Wave 3,Gouda,Warpath Scout,0.16%,Gargantuamouse,
Fiery Warpath,Wave 3,Gouda,Super Warpath Archer,87.93%,Crimson Ranger,2221
Fiery Warpath,Wave 3,Gouda,Super Warpath Archer,3.60%,Sandwing Cavalry,
Fiery Warpath,Wave 3,Gouda,Super Warpath Archer,2.88%,Flame Ordnance,
Fiery Warpath,Wave 3,Gouda,Super Warpath Archer,1.76%,Magmarage,
Fiery Warpath,Wave 3,Gouda,Super Warpath Archer,1.44%,Caravan Guard,
Fiery Warpath,Wave 3,Gouda,Super Warpath Archer,1.08%,Crimson Watch,
Fiery Warpath,Wave 3,Gouda,Super Warpath Archer,0.45%,Gargantuamouse,
Fiery Warpath,Wave 3,Gouda,Super Warpath Archer,0.32%,Crimson Commander,
Fiery Warpath,Wave 3,Gouda,Super Warpath Archer,0.32%,Crimson Titan,
Fiery Warpath,Wave 3,Gouda,Super Warpath Cavalry,94.55%,Sandwing Cavalry,3999
Fiery Warpath,Wave 3,Gouda,Super Warpath Cavalry,2.08%,Flame Ordnance,
Fiery Warpath,Wave 3,Gouda,Super Warpath Cavalry,1.05%,Magmarage,
Fiery Warpath,Wave 3,Gouda,Super Warpath Cavalry,1.00%,Caravan Guard,
Fiery Warpath,Wave 3,Gouda,Super Warpath Cavalry,0.43%,Crimson Watch,
Fiery Warpath,Wave 3,Gouda,Super Warpath Cavalry,0.23%,Crimson Commander,
Fiery Warpath,Wave 3,Gouda,Super Warpath Cavalry,0.23%,Crimson Ranger,
Fiery Warpath,Wave 3,Gouda,Super Warpath Cavalry,0.18%,Gargantuamouse,
Fiery Warpath,Wave 3,Gouda,Super Warpath Cavalry,0.15%,Crimson Titan,
Fiery Warpath,Wave 3,Gouda,Super Warpath Commander,71.01%,Crimson Commander,307
Fiery Warpath,Wave 3,Gouda,Super Warpath Commander,6.84%,Caravan Guard,
Fiery Warpath,Wave 3,Gouda,Super Warpath Commander,5.54%,Gargantuamouse,
Fiery Warpath,Wave 3,Gouda,Super Warpath Commander,4.89%,Sandwing Cavalry,
Fiery Warpath,Wave 3,Gouda,Super Warpath Commander,3.26%,Crimson Ranger,
Fiery Warpath,Wave 3,Gouda,Super Warpath Commander,2.93%,Crimson Titan,
Fiery Warpath,Wave 3,Gouda,Super Warpath Commander,2.28%,Flame Ordnance,
Fiery Warpath,Wave 3,Gouda,Super Warpath Commander,2.28%,Magmarage,
Fiery Warpath,Wave 3,Gouda,Super Warpath Commander,0.65%,Crimson Watch,
Fiery Warpath,Wave 3,Gouda,Super Warpath Mage,89.75%,Magmarage,2264
Fiery Warpath,Wave 3,Gouda,Super Warpath Mage,3.71%,Flame Ordnance,
Fiery Warpath,Wave 3,Gouda,Super Warpath Mage,3.71%,Sandwing Cavalry,
Fiery Warpath,Wave 3,Gouda,Super Warpath Mage,0.57%,Caravan Guard,
Fiery Warpath,Wave 3,Gouda,Super Warpath Mage,0.53%,Crimson Watch,
Fiery Warpath,Wave 3,Gouda,Super Warpath Mage,0.49%,Crimson Ranger,
Fiery Warpath,Wave 3,Gouda,Super Warpath Mage,0.40%,Crimson Titan,
Fiery Warpath,Wave 3,Gouda,Super Warpath Mage,0.31%,Crimson Commander,
Fiery Warpath,Wave 3,Gouda,Super Warpath Mage,0.27%,Gargantuamouse,
Fiery Warpath,Wave 3,Gouda,Super Warpath Scout,92.52%,Crimson Watch,2539
Fiery Warpath,Wave 3,Gouda,Super Warpath Scout,1.50%,Sandwing Cavalry,
Fiery Warpath,Wave 3,Gouda,Super Warpath Scout,1.42%,Crimson Ranger,
Fiery Warpath,Wave 3,Gouda,Super Warpath Scout,1.18%,Caravan Guard,
Fiery Warpath,Wave 3,Gouda,Super Warpath Scout,0.71%,Crimson Titan,
Fiery Warpath,Wave 3,Gouda,Super Warpath Scout,0.71%,Flame Ordnance,
Fiery Warpath,Wave 3,Gouda,Super Warpath Scout,0.71%,Gargantuamouse,
Fiery Warpath,Wave 3,Gouda,Super Warpath Scout,0.67%,Magmarage,
Fiery Warpath,Wave 3,Gouda,Super Warpath Scout,0.35%,Crimson Commander,
Fiery Warpath,Wave 3,Gouda,Super Warpath Warrior,88.59%,Crimson Titan,2751
Fiery Warpath,Wave 3,Gouda,Super Warpath Warrior,3.20%,Sandwing Cavalry,
Fiery Warpath,Wave 3,Gouda,Super Warpath Warrior,1.96%,Flame Ordnance,
Fiery Warpath,Wave 3,Gouda,Super Warpath Warrior,1.64%,Magmarage,
Fiery Warpath,Wave 3,Gouda,Super Warpath Warrior,1.31%,Crimson Watch,
Fiery Warpath,Wave 3,Gouda,Super Warpath Warrior,1.27%,Crimson Ranger,
Fiery Warpath,Wave 3,Gouda,Super Warpath Warrior,0.98%,Caravan Guard,
Fiery Warpath,Wave 3,Gouda,Super Warpath Warrior,0.47%,Crimson Commander,
Fiery Warpath,Wave 3,Gouda,Super Warpath Warrior,0.40%,Gargantuamouse,
Fiery Warpath,Wave 3,Gouda,Warpath Warrior,77.82%,Crimson Titan,84369
Fiery Warpath,Wave 3,Gouda,Warpath Warrior,8.38%,Sandwing Cavalry,
Fiery Warpath,Wave 3,Gouda,Warpath Warrior,3.76%,Magmarage,
Fiery Warpath,Wave 3,Gouda,Warpath Warrior,3.15%,Flame Ordnance,
Fiery Warpath,Wave 3,Gouda,Warpath Warrior,2.69%,Crimson Watch,
Fiery Warpath,Wave 3,Gouda,Warpath Warrior,2.58%,Crimson Ranger,
Fiery Warpath,Wave 3,Gouda,Warpath Warrior,0.91%,Caravan Guard,
Fiery Warpath,Wave 3,Gouda,Warpath Warrior,0.41%,Crimson Commander,
Fiery Warpath,Wave 3,Gouda,Warpath Warrior,0.08%,Gargantuamouse,
Fiery Warpath,Wave 3,Brie,-,29.85%,Sandwing Cavalry,48367
Fiery Warpath,Wave 3,Brie,-,19.80%,Flame Ordnance,
Fiery Warpath,Wave 3,Brie,-,14.76%,Magmarage,
Fiery Warpath,Wave 3,Brie,-,9.38%,Crimson Titan,
Fiery Warpath,Wave 3,Brie,-,9.04%,Crimson Ranger,
Fiery Warpath,Wave 3,Brie,-,8.41%,Crimson Watch,
Fiery Warpath,Wave 3,Brie,-,6.41%,Caravan Guard,
Fiery Warpath,Wave 3,Brie,-,2.35%,Crimson Commander,
Fiery Warpath,Wave 3,Brie,-,0.01%,Gargantuamouse,
Fiery Warpath,Wave 3,Brie,Warpath Archer,74.59%,Crimson Ranger,15482
Fiery Warpath,Wave 3,Brie,Warpath Archer,10.24%,Sandwing Cavalry,
Fiery Warpath,Wave 3,Brie,Warpath Archer,4.80%,Magmarage,
Fiery Warpath,Wave 3,Brie,Warpath Archer,4.23%,Flame Ordnance,
Fiery Warpath,Wave 3,Brie,Warpath Archer,2.48%,Crimson Titan,
Fiery Warpath,Wave 3,Brie,Warpath Archer,2.16%,Crimson Watch,
Fiery Warpath,Wave 3,Brie,Warpath Archer,0.82%,Caravan Guard,
Fiery Warpath,Wave 3,Brie,Warpath Archer,0.48%,Crimson Commander,
Fiery Warpath,Wave 3,Brie,Warpath Archer,0.07%,Gargantuamouse,
Fiery Warpath,Wave 3,Brie,Warpath Cavalry,80.85%,Sandwing Cavalry,6396
Fiery Warpath,Wave 3,Brie,Warpath Cavalry,9.71%,Flame Ordnance,
Fiery Warpath,Wave 3,Brie,Warpath Cavalry,5.94%,Magmarage,
Fiery Warpath,Wave 3,Brie,Warpath Cavalry,0.94%,Crimson Ranger,
Fiery Warpath,Wave 3,Brie,Warpath Cavalry,0.84%,Caravan Guard,
Fiery Warpath,Wave 3,Brie,Warpath Cavalry,0.58%,Crimson Titan,
Fiery Warpath,Wave 3,Brie,Warpath Cavalry,0.58%,Crimson Watch,
Fiery Warpath,Wave 3,Brie,Warpath Cavalry,0.39%,Crimson Commander,
Fiery Warpath,Wave 3,Brie,Warpath Cavalry,0.05%,Gargantuamouse,
Fiery Warpath,Wave 3,Brie,Warpath Mage,71.60%,Magmarage,4123
Fiery Warpath,Wave 3,Brie,Warpath Mage,12.73%,Flame Ordnance,
Fiery Warpath,Wave 3,Brie,Warpath Mage,10.77%,Sandwing Cavalry,
Fiery Warpath,Wave 3,Brie,Warpath Mage,1.65%,Crimson Titan,
Fiery Warpath,Wave 3,Brie,Warpath Mage,0.99%,Crimson Watch,
Fiery Warpath,Wave 3,Brie,Warpath Mage,0.97%,Crimson Ranger,
Fiery Warpath,Wave 3,Brie,Warpath Mage,0.78%,Caravan Guard,
Fiery Warpath,Wave 3,Brie,Warpath Mage,0.34%,Crimson Commander,
Fiery Warpath,Wave 3,Brie,Warpath Scout,76.48%,Crimson Watch,15645
Fiery Warpath,Wave 3,Brie,Warpath Scout,8.95%,Sandwing Cavalry,
Fiery Warpath,Wave 3,Brie,Warpath Scout,4.35%,Magmarage,
Fiery Warpath,Wave 3,Brie,Warpath Scout,3.71%,Flame Ordnance,
Fiery Warpath,Wave 3,Brie,Warpath Scout,2.84%,Crimson Ranger,
Fiery Warpath,Wave 3,Brie,Warpath Scout,1.96%,Crimson Titan,
Fiery Warpath,Wave 3,Brie,Warpath Scout,1.00%,Caravan Guard,
Fiery Warpath,Wave 3,Brie,Warpath Scout,0.41%,Crimson Commander,
Fiery Warpath,Wave 3,Brie,Warpath Scout,0.12%,Gargantuamouse,
Fiery Warpath,Wave 3,Brie,Warpath Warrior,76.50%,Crimson Titan,17469
Fiery Warpath,Wave 3,Brie,Warpath Warrior,8.65%,Sandwing Cavalry,
Fiery Warpath,Wave 3,Brie,Warpath Warrior,3.97%,Magmarage,
Fiery Warpath,Wave 3,Brie,Warpath Warrior,3.38%,Flame Ordnance,
Fiery Warpath,Wave 3,Brie,Warpath Warrior,3.09%,Crimson Ranger,
Fiery Warpath,Wave 3,Brie,Warpath Warrior,2.79%,Crimson Watch,
Fiery Warpath,Wave 3,Brie,Warpath Warrior,0.92%,Caravan Guard,
Fiery Warpath,Wave 3,Brie,Warpath Warrior,0.42%,Crimson Commander,
Fiery Warpath,Wave 3,Brie,Warpath Warrior,0.11%,Gargantuamouse,
Fiery Warpath,Wave 3,SB+/Gouda/Brie,Gargantua Guarantee,100.00%,Gargantuamouse,
Fiery Warpath,Wave 4,SB+,-,67.58%,Theurgy Warden,20370
Fiery Warpath,Wave 4,SB+,-,32.42%,Warmonger,
Fiery Warpath,Wave 4,Gouda,-,72.08%,Theurgy Warden,46637
Fiery Warpath,Wave 4,Gouda,-,27.92%,Warmonger,
Fiery Warpath,Wave 4,Brie,-,69.67%,Theurgy Warden,9555
Fiery Warpath,Wave 4,Brie,-,30.33%,Warmonger,
Forbidden Grove,-,Ancient,-,17.92%,Gargoyle,
Forbidden Grove,-,Ancient,-,15.50%,Spider,
Forbidden Grove,-,Ancient,-,12.90%,Ghost,
Forbidden Grove,-,Ancient,-,10.18%,Scavenger,
Forbidden Grove,-,Ancient,-,7.58%,Vampire,
Forbidden Grove,-,Ancient,-,6.49%,Zombie,
Forbidden Grove,-,Ancient,-,6.48%,Bat,
Forbidden Grove,-,Ancient,-,5.22%,Golem,
Forbidden Grove,-,Ancient,-,5.13%,Spectre,
Forbidden Grove,-,Ancient,-,2.63%,Ravenous Zombie,
Forbidden Grove,-,Ancient,-,2.56%,Gate Guardian,
Forbidden Grove,-,Ancient,-,2.56%,Reaper,
Forbidden Grove,-,Ancient,-,2.55%,Gorgon,
Forbidden Grove,-,Ancient,-,1.30%,Sorcerer,
Forbidden Grove,-,Ancient,-,1.00%,Realm Ripper,
Forbidden Grove,-,Moon,-,46.86%,Lycan,
Forbidden Grove,-,Moon,-,21.97%,Scavenger,
Forbidden Grove,-,Moon,-,12.89%,Sorcerer,
Forbidden Grove,-,Moon,-,11.42%,Ghost,
Forbidden Grove,-,Moon,-,5.86%,Vampire,
Forbidden Grove,-,Moon,-,1.00%,Realm Ripper,
Forbidden Grove,-,Radioactive Blue,-,23.61%,Mutated White,
Forbidden Grove,-,Radioactive Blue,-,22.89%,Mutated Grey,
Forbidden Grove,-,Radioactive Blue,-,17.12%,Ghost,
Forbidden Grove,-,Radioactive Blue,-,12.53%,Mutated Brown,
Forbidden Grove,-,Radioactive Blue,-,9.15%,Realm Ripper,
Forbidden Grove,-,Radioactive Blue,-,8.32%,Zombie,
Forbidden Grove,-,Radioactive Blue,-,3.49%,Ravenous Zombie,
Forbidden Grove,-,Radioactive Blue,-,1.76%,Lycan,
Forbidden Grove,-,Radioactive Blue,-,0.13%,Black Widow,
Forbidden Grove,-,Radioactive Blue,-,1.00%,Realm Ripper,
Fort Rox,Day,Gouda,-,18.18%,Hardworking Hauler,3888
Fort Rox,Day,Gouda,-,29.53%,Meteorite Miner,
Fort Rox,Day,Gouda,-,4.24%,Meteorite Mover,
Fort Rox,Day,Gouda,-,12.55%,Meteorite Snacker,
Fort Rox,Day,Gouda,-,5.17%,Mining Materials Manager,
Fort Rox,Day,Gouda,-,30.32%,Mischievous Meteorite Miner,
Fort Rox,Day,SB+,-,18.64%,Hardworking Hauler,1872
Fort Rox,Day,SB+,-,23.99%,Meteorite Miner,
Fort Rox,Day,SB+,-,1.60%,Meteorite Mover,
Fort Rox,Day,SB+,-,14.21%,Meteorite Snacker,
Fort Rox,Day,SB+,-,16.13%,Mining Materials Manager,
Fort Rox,Day,SB+,-,25.43%,Mischievous Meteorite Miner,
Fort Rox,Twilight,Crescent,-,18.72%,Alpha Weremouse,983
Fort Rox,Twilight,Crescent,-,12.21%,Mischievous Wereminer,
Fort Rox,Twilight,Crescent,-,7.63%,Night Shift Materials Manager,
Fort Rox,Twilight,Crescent,-,5.19%,Nightmancer,
Fort Rox,Twilight,Crescent,-,17.80%,Reveling Lycanthrope,
Fort Rox,Twilight,Crescent,-,23.40%,Werehauler,
Fort Rox,Twilight,Crescent,-,15.06%,Wereminer,
Fort Rox,Twilight,Moon,-,17.75%,Alpha Weremouse,2118
Fort Rox,Twilight,Moon,-,20.35%,Mischievous Wereminer,
Fort Rox,Twilight,Moon,-,10.06%,Night Shift Materials Manager,
Fort Rox,Twilight,Moon,-,5.00%,Nightmancer,
Fort Rox,Twilight,Moon,-,14.92%,Reveling Lycanthrope,
Fort Rox,Twilight,Moon,-,16.48%,Werehauler,
Fort Rox,Twilight,Moon,-,15.44%,Wereminer,
Fort Rox,Midnight,Crescent,-,12.67%,Alpha Weremouse,671
Fort Rox,Midnight,Crescent,-,6.11%,Arcane Summoner,
Fort Rox,Midnight,Crescent,-,7.00%,Hypnotized Gunslinger,
Fort Rox,Midnight,Crescent,-,5.22%,Meteorite Golem,
Fort Rox,Midnight,Crescent,-,11.03%,Mischievous Wereminer,
Fort Rox,Midnight,Crescent,-,7.45%,Night Shift Materials Manager,
Fort Rox,Midnight,Crescent,-,5.07%,Night Watcher,
Fort Rox,Midnight,Crescent,-,11.92%,Nightmancer,
Fort Rox,Midnight,Crescent,-,3.43%,Reveling Lycanthrope,
Fort Rox,Midnight,Crescent,-,7.75%,Wealthy Werewarrior,
Fort Rox,Midnight,Crescent,-,11.77%,Werehauler,
Fort Rox,Midnight,Crescent,-,10.58%,Wereminer,
Fort Rox,Midnight,Moon,-,17.50%,Alpha Weremouse,1629
Fort Rox,Midnight,Moon,-,4.85%,Arcane Summoner,
Fort Rox,Midnight,Moon,-,4.97%,Hypnotized Gunslinger,
Fort Rox,Midnight,Moon,-,4.91%,Meteorite Golem,
Fort Rox,Midnight,Moon,-,11.42%,Mischievous Wereminer,
Fort Rox,Midnight,Moon,-,10.01%,Night Shift Materials Manager,
Fort Rox,Midnight,Moon,-,3.99%,Night Watcher,
Fort Rox,Midnight,Moon,-,8.96%,Nightmancer,
Fort Rox,Midnight,Moon,-,6.45%,Reveling Lycanthrope,
Fort Rox,Midnight,Moon,-,9.82%,Wealthy Werewarrior,
Fort Rox,Midnight,Moon,-,7.00%,Werehauler,
Fort Rox,Midnight,Moon,-,10.13%,Wereminer,
Fort Rox,Pitch,Crescent,-,5.35%,Alpha Weremouse,243
Fort Rox,Pitch,Crescent,-,5.35%,Arcane Summoner,
Fort Rox,Pitch,Crescent,-,2.88%,Cursed Taskmaster,
Fort Rox,Pitch,Crescent,-,12.35%,Hypnotized Gunslinger,
Fort Rox,Pitch,Crescent,-,7.41%,Meteorite Golem,
Fort Rox,Pitch,Crescent,-,0.82%,Meteorite Mystic,
Fort Rox,Pitch,Crescent,-,4.12%,Mischievous Wereminer,
Fort Rox,Pitch,Crescent,-,7.82%,Night Shift Materials Manager,
Fort Rox,Pitch,Crescent,-,4.94%,Night Watcher,
Fort Rox,Pitch,Crescent,-,9.88%,Nightfire,
Fort Rox,Pitch,Crescent,-,10.70%,Nightmancer,
Fort Rox,Pitch,Crescent,-,5.35%,Reveling Lycanthrope,
Fort Rox,Pitch,Crescent,-,11.52%,Wealthy Werewarrior,
Fort Rox,Pitch,Crescent,-,4.12%,Werehauler,
Fort Rox,Pitch,Crescent,-,7.41%,Wereminer,
Fort Rox,Pitch,Moon,-,5.97%,Alpha Weremouse,637
Fort Rox,Pitch,Moon,-,4.24%,Arcane Summoner,
Fort Rox,Pitch,Moon,-,4.71%,Cursed Taskmaster,
Fort Rox,Pitch,Moon,-,14.29%,Hypnotized Gunslinger,
Fort Rox,Pitch,Moon,-,7.54%,Meteorite Golem,
Fort Rox,Pitch,Moon,-,3.92%,Meteorite Mystic,
Fort Rox,Pitch,Moon,-,2.83%,Mischievous Wereminer,
Fort Rox,Pitch,Moon,-,11.15%,Night Shift Materials Manager,
Fort Rox,Pitch,Moon,-,6.28%,Night Watcher,
Fort Rox,Pitch,Moon,-,5.49%,Nightfire,
Fort Rox,Pitch,Moon,-,11.15%,Nightmancer,
Fort Rox,Pitch,Moon,-,4.40%,Reveling Lycanthrope,
Fort Rox,Pitch,Moon,-,9.11%,Wealthy Werewarrior,
Fort Rox,Pitch,Moon,-,3.77%,Werehauler,
Fort Rox,Pitch,Moon,-,5.18%,Wereminer,
Fort Rox,Utter Darkness,Crescent,-,6.01%,Alpha Weremouse,582
Fort Rox,Utter Darkness,Crescent,-,7.04%,Arcane Summoner,
Fort Rox,Utter Darkness,Crescent,-,11.68%,Cursed Taskmaster,
Fort Rox,Utter Darkness,Crescent,-,15.46%,Hypnotized Gunslinger,
Fort Rox,Utter Darkness,Crescent,-,12.37%,Meteorite Golem,
Fort Rox,Utter Darkness,Crescent,-,7.73%,Meteorite Mystic,
Fort Rox,Utter Darkness,Crescent,-,2.92%,Mischievous Wereminer,
Fort Rox,Utter Darkness,Crescent,-,0.00%,Night Shift Materials Manager,
Fort Rox,Utter Darkness,Crescent,-,8.42%,Night Watcher,
Fort Rox,Utter Darkness,Crescent,-,11.51%,Nightfire,
Fort Rox,Utter Darkness,Crescent,-,4.64%,Nightmancer,
Fort Rox,Utter Darkness,Crescent,-,1.72%,Reveling Lycanthrope,
Fort Rox,Utter Darkness,Crescent,-,4.47%,Wealthy Werewarrior,
Fort Rox,Utter Darkness,Crescent,-,2.75%,Werehauler,
Fort Rox,Utter Darkness,Crescent,-,3.26%,Wereminer,
Fort Rox,Utter Darkness,Moon,-,5.56%,Alpha Weremouse,1062
Fort Rox,Utter Darkness,Moon,-,6.69%,Arcane Summoner,
Fort Rox,Utter Darkness,Moon,-,14.31%,Cursed Taskmaster,
Fort Rox,Utter Darkness,Moon,-,10.92%,Hypnotized Gunslinger,
Fort Rox,Utter Darkness,Moon,-,12.62%,Meteorite Golem,
Fort Rox,Utter Darkness,Moon,-,8.76%,Meteorite Mystic,
Fort Rox,Utter Darkness,Moon,-,1.79%,Mischievous Wereminer,
Fort Rox,Utter Darkness,Moon,-,0.75%,Night Shift Materials Manager,
Fort Rox,Utter Darkness,Moon,-,14.12%,Night Watcher,
Fort Rox,Utter Darkness,Moon,-,9.51%,Nightfire,
Fort Rox,Utter Darkness,Moon,-,3.86%,Nightmancer,
Fort Rox,Utter Darkness,Moon,-,1.41%,Reveling Lycanthrope,
Fort Rox,Utter Darkness,Moon,-,4.90%,Wealthy Werewarrior,
Fort Rox,Utter Darkness,Moon,-,0.19%,Werehauler,
Fort Rox,Utter Darkness,Moon,-,4.61%,Wereminer,
Fort Rox,First Light,Crescent,-,8.96%,Arcane Summoner,703
Fort Rox,First Light,Crescent,-,14.22%,Cursed Taskmaster,
Fort Rox,First Light,Crescent,-,12.66%,Hypnotized Gunslinger,
Fort Rox,First Light,Crescent,-,13.94%,Meteorite Golem,
Fort Rox,First Light,Crescent,-,9.82%,Meteorite Mystic,
Fort Rox,First Light,Crescent,-,15.08%,Night Watcher,
Fort Rox,First Light,Crescent,-,25.32%,Nightfire,
Fort Rox,First Light,Moon,-,12.64%,Arcane Summoner,957
Fort Rox,First Light,Moon,-,23.41%,Cursed Taskmaster,
Fort Rox,First Light,Moon,-,8.25%,Hypnotized Gunslinger,
Fort Rox,First Light,Moon,-,10.24%,Meteorite Golem,
Fort Rox,First Light,Moon,-,10.66%,Meteorite Mystic,
Fort Rox,First Light,Moon,-,12.02%,Night Watcher,
Fort Rox,First Light,Moon,-,22.78%,Nightfire,
Fort Rox,Dawn,Crescent,-,58.17%,Dawn Guardian,208
Fort Rox,Dawn,Crescent,-,41.83%,Monster of the Meteor,
Fort Rox,Dawn,Moon,-,50.86%,Dawn Guardian,926
Fort Rox,Dawn,Moon,-,49.14%,Monster of the Meteor,
Fungal Cavern,-,SB+,-,15.02%,Funglore,
Fungal Cavern,-,SB+,-,14.03%,Lumahead,
Fungal Cavern,-,SB+,-,12.14%,Floating Spore,
Fungal Cavern,-,SB+,-,12.01%,Mush,
Fungal Cavern,-,SB+,-,11.99%,Quillback,
Fungal Cavern,-,SB+,-,8.04%,Mushroom Sprite,
Fungal Cavern,-,SB+,-,7.99%,Bitter Root,
Fungal Cavern,-,SB+,-,7.86%,Nightshade Masquerade,
Fungal Cavern,-,SB+,-,7.17%,Spiked Burrower,
Fungal Cavern,-,SB+,-,1.28%,Spore Muncher,
Fungal Cavern,-,SB+,-,1.25%,Sporeticus,
Fungal Cavern,-,SB+,-,1.23%,Mouldy Mole,
Fungal Cavern,-,Gouda,-,15.05%,Mush,
Fungal Cavern,-,Gouda,-,14.97%,Funglore,
Fungal Cavern,-,Gouda,-,14.04%,Floating Spore,
Fungal Cavern,-,Gouda,-,13.96%,Lumahead,
Fungal Cavern,-,Gouda,-,11.99%,Quillback,
Fungal Cavern,-,Gouda,-,9.73%,Mushroom Sprite,
Fungal Cavern,-,Gouda,-,7.98%,Bitter Root,
Fungal Cavern,-,Gouda,-,7.02%,Spiked Burrower,
Fungal Cavern,-,Gouda,-,2.03%,Spore Muncher,
Fungal Cavern,-,Gouda,-,2.00%,Mouldy Mole,
Fungal Cavern,-,Gouda,-,1.22%,Sporeticus,
Fungal Cavern,-,Brie,-,14.60%,Mush,
Fungal Cavern,-,Brie,-,12.55%,Funglore,
Fungal Cavern,-,Brie,-,12.49%,Floating Spore,
Fungal Cavern,-,Brie,-,10.67%,Lumahead,
Fungal Cavern,-,Brie,-,10.63%,Quillback,
Fungal Cavern,-,Brie,-,9.21%,Mushroom Sprite,
Fungal Cavern,-,Brie,-,8.05%,Bitter Root,
Fungal Cavern,-,Brie,-,7.22%,Spiked Burrower,
Fungal Cavern,-,Brie,-,4.90%,Spore Muncher,
Fungal Cavern,-,Brie,-,4.85%,Mouldy Mole,
Fungal Cavern,-,Brie,-,4.84%,Sporeticus,
Fungal Cavern,-,Glowing Gruyere,-,19.99%,Crag Elder,
Fungal Cavern,-,Glowing Gruyere,-,19.72%,Stone Maiden,
Fungal Cavern,-,Glowing Gruyere,-,18.28%,Crystalline Slasher,
Fungal Cavern,-,Glowing Gruyere,-,18.11%,Dirt Thing,
Fungal Cavern,-,Glowing Gruyere,-,11.90%,Cavern Crumbler,
Fungal Cavern,-,Glowing Gruyere,-,5.99%,Shattered Obsidian,
Fungal Cavern,-,Glowing Gruyere,-,4.09%,Splintered Stone Sentry,
Fungal Cavern,-,Glowing Gruyere,-,1.92%,Gemstone Worshipper,
Fungal Cavern,-,Mineral,-,27.02%,Gemorpher,
Fungal Cavern,-,Mineral,-,25.10%,Crystal Controller,
Fungal Cavern,-,Mineral,-,23.83%,Crystalback,
Fungal Cavern,-,Mineral,-,14.84%,Stalagmite,
Fungal Cavern,-,Mineral,-,6.18%,Crystal Cave Worm,
Fungal Cavern,-,Mineral,-,1.10%,Crystal Queen,
Fungal Cavern,-,Mineral,-,0.96%,Crystal Observer,
Fungal Cavern,-,Mineral,-,0.95%,Crystal Lurker,
Fungal Cavern,-,Gemstone,-,37.10%,Crystal Queen,
Fungal Cavern,-,Gemstone,-,30.30%,Crystal Lurker,
Fungal Cavern,-,Gemstone,-,25.25%,Crystal Observer,
Fungal Cavern,-,Gemstone,-,5.03%,Crystal Golem,
Fungal Cavern,-,Gemstone,-,1.36%,Huntereater,
Fungal Cavern,-,Gemstone,-,0.96%,Diamondhide,
Fungal Cavern,-,Diamond,-,63.77%,Crystal Behemoth,
Fungal Cavern,-,Diamond,-,26.42%,Huntereater,
Fungal Cavern,-,Diamond,-,9.81%,Diamondhide,
Furoma Rift,Training Grounds,Brie String,-,25.47%,Armored Archer,22546
Furoma Rift,Training Grounds,Brie String,-,23.97%,Dumpling Delivery,
Furoma Rift,Training Grounds,Brie String,-,22.87%,Shinobi,
Furoma Rift,Training Grounds,Brie String,-,7.96%,Raw Diamond,
Furoma Rift,Training Grounds,Brie String,-,4.87%,Wealth,
Furoma Rift,Training Grounds,Brie String,-,4.02%,Rift Guardian,
Furoma Rift,Training Grounds,Brie String,-,3.73%,Shaolin Kung Fu,
Furoma Rift,Training Grounds,Brie String,-,3.02%,Wandering Monk,
Furoma Rift,Training Grounds,Brie String,-,2.05%,Militant Samurai,
Furoma Rift,Training Grounds,Brie String,-,2.03%,Enlightened Labourer,
Furoma Rift,Pagoda,Brie String,-,15.17%,Student of the Chi Claw,30758
Furoma Rift,Pagoda,Brie String,-,15.07%,Student of the Chi Belt,
Furoma Rift,Pagoda,Brie String,-,14.90%,Student of the Chi Fang,
Furoma Rift,Pagoda,Brie String,-,12.40%,Shaolin Kung Fu,
Furoma Rift,Pagoda,Brie String,-,12.04%,Militant Samurai,
Furoma Rift,Pagoda,Brie String,-,11.86%,Wandering Monk,
Furoma Rift,Pagoda,Brie String,-,8.69%,Shinobi,
Furoma Rift,Pagoda,Brie String,-,4.03%,Dancing Assassin,
Furoma Rift,Pagoda,Brie String,-,2.92%,Raw Diamond,
Furoma Rift,Pagoda,Brie String,-,2.92%,Wealth,
Furoma Rift,Combined,Magical String,-,16.71%,Dumpling Delivery,11474
Furoma Rift,Combined,Magical String,-,16.65%,Shinobi,
Furoma Rift,Combined,Magical String,-,15.67%,Armored Archer,
Furoma Rift,Combined,Magical String,-,7.83%,Raw Diamond,
Furoma Rift,Combined,Magical String,-,7.43%,Wealth,
Furoma Rift,Combined,Magical String,-,6.20%,Shaolin Kung Fu,
Furoma Rift,Combined,Magical String,-,5.58%,Wandering Monk,
Furoma Rift,Combined,Magical String,-,5.08%,Militant Samurai,
Furoma Rift,Combined,Magical String,-,4.88%,Student of the Chi Claw,
Furoma Rift,Combined,Magical String,-,4.58%,Student of the Chi Fang,
Furoma Rift,Combined,Magical String,-,4.44%,Student of the Chi Belt,
Furoma Rift,Combined,Magical String,-,3.50%,Enlightened Labourer,
Furoma Rift,Combined,Magical String,-,1.47%,Dancing Assassin,
Furoma Rift,Pagoda,Maki String,-,15.53%,Student of the Chi Claw,10573
Furoma Rift,Pagoda,Maki String,-,15.39%,Student of the Chi Fang,
Furoma Rift,Pagoda,Maki String,-,15.08%,Student of the Chi Belt,
Furoma Rift,Pagoda,Maki String,-,10.85%,Shinobi,
Furoma Rift,Pagoda,Maki String,-,9.52%,Shaolin Kung Fu,
Furoma Rift,Pagoda,Maki String,-,6.26%,Wandering Monk,
Furoma Rift,Pagoda,Maki String,-,5.73%,Armored Archer,
Furoma Rift,Pagoda,Maki String,-,4.36%,Dancing Assassin,
Furoma Rift,Pagoda,Maki String,-,4.02%,Militant Samurai,
Furoma Rift,Pagoda,Maki String,-,3.96%,Wealth,
Furoma Rift,Pagoda,Maki String,-,3.85%,Raw Diamond,
Furoma Rift,Pagoda,Maki String,-,3.03%,Dumpling Delivery,
Furoma Rift,Pagoda,Maki String,-,2.42%,Enlightened Labourer,
Furoma Rift,Pagoda,Rift Glutter,-,100.00%,Master of the Chi Belt,
Furoma Rift,Pagoda,Rift Susheese,-,100.00%,Master of the Chi Claw,
Furoma Rift,Pagoda,Rift Combat,-,100.00%,Master of the Chi Fang,
Furoma Rift,Pagoda,Master Fusion,-,33.33%,Master of the Chi Belt,
Furoma Rift,Pagoda,Master Fusion,-,33.33%,Master of the Chi Claw,
Furoma Rift,Pagoda,Master Fusion,-,33.33%,Master of the Chi Fang,
Furoma Rift,Pagoda,Rift Rumble,-,100.00%,Grand Master of the Dojo,
Furoma Rift,Pagoda,Null Onyx Gorgonzola,-,100.00%,Supreme Sensei,
Furoma Rift,Pagoda,Ascended,-,100.00%,Ascended Elder,
Gnawnia Rift,-,Magical String,-,14.98%,Micro,206755
Gnawnia Rift,-,Magical String,-,12.97%,Riftweaver,
Gnawnia Rift,-,Magical String,-,11.98%,Brawny,
Gnawnia Rift,-,Magical String,-,11.96%,Greyrun,
Gnawnia Rift,-,Magical String,-,10.06%,Agitated Gentle Giant,
Gnawnia Rift,-,Magical String,-,9.03%,Supernatural,
Gnawnia Rift,-,Magical String,-,8.96%,Excitable Electric,
Gnawnia Rift,-,Magical String,-,8.97%,Dream Drifter,
Gnawnia Rift,-,Magical String,-,6.03%,Mighty Mole,
Gnawnia Rift,-,Magical String,-,3.01%,Raw Diamond,
Gnawnia Rift,-,Magical String,-,2.05%,Wealth,
Gnawnia Rift,-,Brie String,-,16.05%,Brawny,338807
Gnawnia Rift,-,Brie String,-,16.02%,Riftweaver,
Gnawnia Rift,-,Brie String,-,15.05%,Supernatural,
Gnawnia Rift,-,Brie String,-,15.02%,Agitated Gentle Giant,
Gnawnia Rift,-,Brie String,-,14.99%,Greyrun,
Gnawnia Rift,-,Brie String,-,14.87%,Excitable Electric,
Gnawnia Rift,-,Brie String,-,2.02%,Mighty Mole,
Gnawnia Rift,-,Brie String,-,2.01%,Micro,
Gnawnia Rift,-,Brie String,-,2.00%,Raw Diamond,
Gnawnia Rift,-,Brie String,-,0.99%,Dream Drifter,
Gnawnia Rift,-,Brie String,-,0.97%,Wealth,
Gnawnia Rift,-,Swiss String,-,17.36%,Riftweaver,51482
Gnawnia Rift,-,Swiss String,-,17.19%,Greyrun,
Gnawnia Rift,-,Swiss String,-,16.67%,Brawny,
Gnawnia Rift,-,Swiss String,-,14.32%,Supernatural,
Gnawnia Rift,-,Swiss String,-,13.40%,Agitated Gentle Giant,
Gnawnia Rift,-,Swiss String,-,13.33%,Excitable Electric,
Gnawnia Rift,-,Swiss String,-,4.84%,Mighty Mole,
Gnawnia Rift,-,Swiss String,-,1.89%,Wealth,
Gnawnia Rift,-,Swiss String,-,1.01%,Raw Diamond,
Gnawnia Rift,-,Marble String,-,19.06%,Riftweaver,15839
Gnawnia Rift,-,Marble String,-,18.82%,Brawny,
Gnawnia Rift,-,Marble String,-,18.42%,Greyrun,
Gnawnia Rift,-,Marble String,-,14.35%,Excitable Electric,
Gnawnia Rift,-,Marble String,-,13.95%,Supernatural,
Gnawnia Rift,-,Marble String,-,13.29%,Agitated Gentle Giant,
Gnawnia Rift,-,Marble String,-,2.11%,Mighty Mole,
Gnawnia Rift,-,Riftiago,-,25.02%,Spiritual Steel,330776
Gnawnia Rift,-,Riftiago,-,25.01%,Shard Centurion,
Gnawnia Rift,-,Riftiago,-,24.93%,Cyborg,
Gnawnia Rift,-,Riftiago,-,15.06%,Rift Guardian,
Gnawnia Rift,-,Riftiago,-,4.99%,Raw Diamond,
Gnawnia Rift,-,Riftiago,-,4.97%,Wealth,
Gnawnia Rift,-,Resonator,-,100.00%,Goliath Field,
Gnawnian Express Station,Waiting,SB+,-,11.70%,Angry Train Staff,
Gnawnian Express Station,Waiting,SB+,-,11.96%,Mysterious Traveller,
Gnawnian Express Station,Waiting,SB+,-,12.04%,Passenger,
Gnawnian Express Station,Waiting,SB+,-,11.60%,Photographer,
Gnawnian Express Station,Waiting,SB+,-,5.81%,Stowaway,
Gnawnian Express Station,Waiting,SB+,-,12.44%,Train Conductor,
Gnawnian Express Station,Waiting,SB+,-,12.35%,Travelling Barber,
Gnawnian Express Station,Waiting,SB+,-,4.20%,Bartender,
Gnawnian Express Station,Waiting,SB+,-,3.42%,Farrier,
Gnawnian Express Station,Waiting,SB+,-,2.94%,Parlour Player,
Gnawnian Express Station,Waiting,SB+,-,3.92%,Stuffy Banker,
Gnawnian Express Station,Waiting,SB+,-,3.36%,Tonic Salesman,
Gnawnian Express Station,Waiting,SB+,-,4.24%,Upper Class Lady,
Gnawnian Express Station,Waiting,Gouda/Brie/Swiss/White Cheddar/Marble/Mozzarella/Cheddar,-,12.61%,Angry Train Staff,
Gnawnian Express Station,Waiting,Gouda/Brie/Swiss/White Cheddar/Marble/Mozzarella/Cheddar,-,12.71%,Mysterious Traveller,
Gnawnian Express Station,Waiting,Gouda/Brie/Swiss/White Cheddar/Marble/Mozzarella/Cheddar,-,12.87%,Passenger,
Gnawnian Express Station,Waiting,Gouda/Brie/Swiss/White Cheddar/Marble/Mozzarella/Cheddar,-,13.10%,Photographer,
Gnawnian Express Station,Waiting,Gouda/Brie/Swiss/White Cheddar/Marble/Mozzarella/Cheddar,-,1.27%,Stowaway,
Gnawnian Express Station,Waiting,Gouda/Brie/Swiss/White Cheddar/Marble/Mozzarella/Cheddar,-,12.48%,Train Conductor,
Gnawnian Express Station,Waiting,Gouda/Brie/Swiss/White Cheddar/Marble/Mozzarella/Cheddar,-,12.78%,Travelling Barber,
Gnawnian Express Station,Waiting,Gouda/Brie/Swiss/White Cheddar/Marble/Mozzarella/Cheddar,-,3.89%,Bartender,
Gnawnian Express Station,Waiting,Gouda/Brie/Swiss/White Cheddar/Marble/Mozzarella/Cheddar,-,3.44%,Farrier,
Gnawnian Express Station,Waiting,Gouda/Brie/Swiss/White Cheddar/Marble/Mozzarella/Cheddar,-,3.43%,Parlour Player,
Gnawnian Express Station,Waiting,Gouda/Brie/Swiss/White Cheddar/Marble/Mozzarella/Cheddar,-,3.92%,Stuffy Banker,
Gnawnian Express Station,Waiting,Gouda/Brie/Swiss/White Cheddar/Marble/Mozzarella/Cheddar,-,3.53%,Tonic Salesman,
Gnawnian Express Station,Waiting,Gouda/Brie/Swiss/White Cheddar/Marble/Mozzarella/Cheddar,-,3.96%,Upper Class Lady,
Gnawnian Express Station,Supply Depot (No Supply Rush),SB+,-,12.37%,Crate Camo,
Gnawnian Express Station,Supply Depot (No Supply Rush),SB+,-,16.83%,Cute Crate Carrier,
Gnawnian Express Station,Supply Depot (No Supply Rush),SB+,-,8.85%,Angry Train Staff,
Gnawnian Express Station,Supply Depot (No Supply Rush),SB+,-,2.83%,Bartender,
Gnawnian Express Station,Supply Depot (No Supply Rush),SB+,-,2.50%,Farrier,
Gnawnian Express Station,Supply Depot (No Supply Rush),SB+,-,8.03%,Mysterious Traveller,
Gnawnian Express Station,Supply Depot (No Supply Rush),SB+,-,2.83%,Parlour Player,
Gnawnian Express Station,Supply Depot (No Supply Rush),SB+,-,8.85%,Passenger,
Gnawnian Express Station,Supply Depot (No Supply Rush),SB+,-,8.11%,Photographer,
Gnawnian Express Station,Supply Depot (No Supply Rush),SB+,-,4.54%,Stowaway,
Gnawnian Express Station,Supply Depot (No Supply Rush),SB+,-,2.50%,Stuffy Banker,
Gnawnian Express Station,Supply Depot (No Supply Rush),SB+,-,2.27%,Tonic Salesman,
Gnawnian Express Station,Supply Depot (No Supply Rush),SB+,-,8.77%,Train Conductor,
Gnawnian Express Station,Supply Depot (No Supply Rush),SB+,-,7.85%,Travelling Barber,
Gnawnian Express Station,Supply Depot (No Supply Rush),SB+,-,2.83%,Upper Class Lady,
Gnawnian Express Station,Supply Depot (No Supply Rush),Gouda/Brie/Swiss/White Cheddar/Marble/Mozzarella/Cheddar,-,13.01%,Crate Camo,
Gnawnian Express Station,Supply Depot (No Supply Rush),Gouda/Brie/Swiss/White Cheddar/Marble/Mozzarella/Cheddar,-,16.89%,Cute Crate Carrier,
Gnawnian Express Station,Supply Depot (No Supply Rush),Gouda/Brie/Swiss/White Cheddar/Marble/Mozzarella/Cheddar,-,9.05%,Angry Train Staff,
Gnawnian Express Station,Supply Depot (No Supply Rush),Gouda/Brie/Swiss/White Cheddar/Marble/Mozzarella/Cheddar,-,2.70%,Bartender,
Gnawnian Express Station,Supply Depot (No Supply Rush),Gouda/Brie/Swiss/White Cheddar/Marble/Mozzarella/Cheddar,-,2.49%,Farrier,
Gnawnian Express Station,Supply Depot (No Supply Rush),Gouda/Brie/Swiss/White Cheddar/Marble/Mozzarella/Cheddar,-,8.90%,Mysterious Traveller,
Gnawnian Express Station,Supply Depot (No Supply Rush),Gouda/Brie/Swiss/White Cheddar/Marble/Mozzarella/Cheddar,-,2.40%,Parlour Player,
Gnawnian Express Station,Supply Depot (No Supply Rush),Gouda/Brie/Swiss/White Cheddar/Marble/Mozzarella/Cheddar,-,8.73%,Passenger,
Gnawnian Express Station,Supply Depot (No Supply Rush),Gouda/Brie/Swiss/White Cheddar/Marble/Mozzarella/Cheddar,-,8.87%,Photographer,
Gnawnian Express Station,Supply Depot (No Supply Rush),Gouda/Brie/Swiss/White Cheddar/Marble/Mozzarella/Cheddar,-,0.91%,Stowaway,
Gnawnian Express Station,Supply Depot (No Supply Rush),Gouda/Brie/Swiss/White Cheddar/Marble/Mozzarella/Cheddar,-,2.79%,Stuffy Banker,
Gnawnian Express Station,Supply Depot (No Supply Rush),Gouda/Brie/Swiss/White Cheddar/Marble/Mozzarella/Cheddar,-,2.41%,Tonic Salesman,
Gnawnian Express Station,Supply Depot (No Supply Rush),Gouda/Brie/Swiss/White Cheddar/Marble/Mozzarella/Cheddar,-,9.19%,Train Conductor,
Gnawnian Express Station,Supply Depot (No Supply Rush),Gouda/Brie/Swiss/White Cheddar/Marble/Mozzarella/Cheddar,-,8.95%,Travelling Barber,
Gnawnian Express Station,Supply Depot (No Supply Rush),Gouda/Brie/Swiss/White Cheddar/Marble/Mozzarella/Cheddar,-,2.70%,Upper Class Lady,
Gnawnian Express Station,Supply Depot (No Supply Rush),SB+,Supply Schedule,17.50%,Crate Camo,
Gnawnian Express Station,Supply Depot (No Supply Rush),SB+,Supply Schedule,22.91%,Cute Crate Carrier,
Gnawnian Express Station,Supply Depot (No Supply Rush),SB+,Supply Schedule,5.94%,Angry Train Staff,
Gnawnian Express Station,Supply Depot (No Supply Rush),SB+,Supply Schedule,1.88%,Bartender,
Gnawnian Express Station,Supply Depot (No Supply Rush),SB+,Supply Schedule,1.80%,Farrier,
Gnawnian Express Station,Supply Depot (No Supply Rush),SB+,Supply Schedule,5.91%,Mysterious Traveller,
Gnawnian Express Station,Supply Depot (No Supply Rush),SB+,Supply Schedule,1.64%,Parlour Player,
Gnawnian Express Station,Supply Depot (No Supply Rush),SB+,Supply Schedule,5.78%,Passenger,
Gnawnian Express Station,Supply Depot (No Supply Rush),SB+,Supply Schedule,6.02%,Photographer,
Gnawnian Express Station,Supply Depot (No Supply Rush),SB+,Supply Schedule,2.96%,Stowaway,
Gnawnian Express Station,Supply Depot (No Supply Rush),SB+,Supply Schedule,1.77%,Stuffy Banker,
Gnawnian Express Station,Supply Depot (No Supply Rush),SB+,Supply Schedule,1.70%,Tonic Salesman,
Gnawnian Express Station,Supply Depot (No Supply Rush),SB+,Supply Schedule,5.85%,Train Conductor,
Gnawnian Express Station,Supply Depot (No Supply Rush),SB+,Supply Schedule,5.95%,Travelling Barber,
Gnawnian Express Station,Supply Depot (No Supply Rush),SB+,Supply Schedule,1.72%,Upper Class Lady,
Gnawnian Express Station,Supply Depot (No Supply Rush),SB+,Supply Schedule,10.67%,Warehouse Manager,
Gnawnian Express Station,Supply Depot (No Supply Rush),Gouda/Brie/Swiss/White Cheddar/Marble/Mozzarella/Cheddar,Supply Schedule,17.97%,Crate Camo,
Gnawnian Express Station,Supply Depot (No Supply Rush),Gouda/Brie/Swiss/White Cheddar/Marble/Mozzarella/Cheddar,Supply Schedule,22.68%,Cute Crate Carrier,
Gnawnian Express Station,Supply Depot (No Supply Rush),Gouda/Brie/Swiss/White Cheddar/Marble/Mozzarella/Cheddar,Supply Schedule,5.92%,Angry Train Staff,
Gnawnian Express Station,Supply Depot (No Supply Rush),Gouda/Brie/Swiss/White Cheddar/Marble/Mozzarella/Cheddar,Supply Schedule,1.95%,Bartender,
Gnawnian Express Station,Supply Depot (No Supply Rush),Gouda/Brie/Swiss/White Cheddar/Marble/Mozzarella/Cheddar,Supply Schedule,1.80%,Farrier,
Gnawnian Express Station,Supply Depot (No Supply Rush),Gouda/Brie/Swiss/White Cheddar/Marble/Mozzarella/Cheddar,Supply Schedule,6.25%,Mysterious Traveller,
Gnawnian Express Station,Supply Depot (No Supply Rush),Gouda/Brie/Swiss/White Cheddar/Marble/Mozzarella/Cheddar,Supply Schedule,1.66%,Parlour Player,
Gnawnian Express Station,Supply Depot (No Supply Rush),Gouda/Brie/Swiss/White Cheddar/Marble/Mozzarella/Cheddar,Supply Schedule,6.18%,Passenger,
Gnawnian Express Station,Supply Depot (No Supply Rush),Gouda/Brie/Swiss/White Cheddar/Marble/Mozzarella/Cheddar,Supply Schedule,6.05%,Photographer,
Gnawnian Express Station,Supply Depot (No Supply Rush),Gouda/Brie/Swiss/White Cheddar/Marble/Mozzarella/Cheddar,Supply Schedule,0.62%,Stowaway,
Gnawnian Express Station,Supply Depot (No Supply Rush),Gouda/Brie/Swiss/White Cheddar/Marble/Mozzarella/Cheddar,Supply Schedule,1.87%,Stuffy Banker,
Gnawnian Express Station,Supply Depot (No Supply Rush),Gouda/Brie/Swiss/White Cheddar/Marble/Mozzarella/Cheddar,Supply Schedule,1.75%,Tonic Salesman,
Gnawnian Express Station,Supply Depot (No Supply Rush),Gouda/Brie/Swiss/White Cheddar/Marble/Mozzarella/Cheddar,Supply Schedule,6.08%,Train Conductor,
Gnawnian Express Station,Supply Depot (No Supply Rush),Gouda/Brie/Swiss/White Cheddar/Marble/Mozzarella/Cheddar,Supply Schedule,6.26%,Travelling Barber,
Gnawnian Express Station,Supply Depot (No Supply Rush),Gouda/Brie/Swiss/White Cheddar/Marble/Mozzarella/Cheddar,Supply Schedule,2.05%,Upper Class Lady,
Gnawnian Express Station,Supply Depot (No Supply Rush),Gouda/Brie/Swiss/White Cheddar/Marble/Mozzarella/Cheddar,Supply Schedule,10.91%,Warehouse Manager,
Gnawnian Express Station,Supply Depot (Supply Rush),SB+,-,6.39%,Crate Camo,
Gnawnian Express Station,Supply Depot (Supply Rush),SB+,-,8.73%,Cute Crate Carrier,
Gnawnian Express Station,Supply Depot (Supply Rush),SB+,-,4.19%,Angry Train Staff,
Gnawnian Express Station,Supply Depot (Supply Rush),SB+,-,1.48%,Bartender,
Gnawnian Express Station,Supply Depot (Supply Rush),SB+,-,1.44%,Farrier,
Gnawnian Express Station,Supply Depot (Supply Rush),SB+,-,4.42%,Mysterious Traveller,
Gnawnian Express Station,Supply Depot (Supply Rush),SB+,-,1.06%,Parlour Player,
Gnawnian Express Station,Supply Depot (Supply Rush),SB+,-,3.83%,Passenger,
Gnawnian Express Station,Supply Depot (Supply Rush),SB+,-,4.53%,Photographer,
Gnawnian Express Station,Supply Depot (Supply Rush),SB+,-,2.00%,Stowaway,
Gnawnian Express Station,Supply Depot (Supply Rush),SB+,-,1.49%,Stuffy Banker,
Gnawnian Express Station,Supply Depot (Supply Rush),SB+,-,1.08%,Tonic Salesman,
Gnawnian Express Station,Supply Depot (Supply Rush),SB+,-,4.26%,Train Conductor,
Gnawnian Express Station,Supply Depot (Supply Rush),SB+,-,4.07%,Travelling Barber,
Gnawnian Express Station,Supply Depot (Supply Rush),SB+,-,1.33%,Upper Class Lady,
Gnawnian Express Station,Supply Depot (Supply Rush),SB+,-,49.71%,Supply Hoarder,
Gnawnian Express Station,Supply Depot (Supply Rush),Gouda/Brie/Swiss/White Cheddar/Marble/Mozzarella/Cheddar,-,6.70%,Crate Camo,
Gnawnian Express Station,Supply Depot (Supply Rush),Gouda/Brie/Swiss/White Cheddar/Marble/Mozzarella/Cheddar,-,8.69%,Cute Crate Carrier,
Gnawnian Express Station,Supply Depot (Supply Rush),Gouda/Brie/Swiss/White Cheddar/Marble/Mozzarella/Cheddar,-,4.26%,Angry Train Staff,
Gnawnian Express Station,Supply Depot (Supply Rush),Gouda/Brie/Swiss/White Cheddar/Marble/Mozzarella/Cheddar,-,1.38%,Bartender,
Gnawnian Express Station,Supply Depot (Supply Rush),Gouda/Brie/Swiss/White Cheddar/Marble/Mozzarella/Cheddar,-,1.24%,Farrier,
Gnawnian Express Station,Supply Depot (Supply Rush),Gouda/Brie/Swiss/White Cheddar/Marble/Mozzarella/Cheddar,-,4.77%,Mysterious Traveller,
Gnawnian Express Station,Supply Depot (Supply Rush),Gouda/Brie/Swiss/White Cheddar/Marble/Mozzarella/Cheddar,-,1.41%,Parlour Player,
Gnawnian Express Station,Supply Depot (Supply Rush),Gouda/Brie/Swiss/White Cheddar/Marble/Mozzarella/Cheddar,-,4.71%,Passenger,
Gnawnian Express Station,Supply Depot (Supply Rush),Gouda/Brie/Swiss/White Cheddar/Marble/Mozzarella/Cheddar,-,4.19%,Photographer,
Gnawnian Express Station,Supply Depot (Supply Rush),Gouda/Brie/Swiss/White Cheddar/Marble/Mozzarella/Cheddar,-,1.38%,Stuffy Banker,
Gnawnian Express Station,Supply Depot (Supply Rush),Gouda/Brie/Swiss/White Cheddar/Marble/Mozzarella/Cheddar,-,1.26%,Tonic Salesman,
Gnawnian Express Station,Supply Depot (Supply Rush),Gouda/Brie/Swiss/White Cheddar/Marble/Mozzarella/Cheddar,-,4.53%,Train Conductor,
Gnawnian Express Station,Supply Depot (Supply Rush),Gouda/Brie/Swiss/White Cheddar/Marble/Mozzarella/Cheddar,-,4.31%,Travelling Barber,
Gnawnian Express Station,Supply Depot (Supply Rush),Gouda/Brie/Swiss/White Cheddar/Marble/Mozzarella/Cheddar,-,1.48%,Upper Class Lady,
Gnawnian Express Station,Supply Depot (Supply Rush),Gouda/Brie/Swiss/White Cheddar/Marble/Mozzarella/Cheddar,-,49.69%,Supply Hoarder,
Gnawnian Express Station,Raider River,SB+,-,6.37%,Angry Train Staff,
Gnawnian Express Station,Raider River,SB+,-,6.46%,Automorat,
Gnawnian Express Station,Raider River,SB+,-,1.84%,Bartender,
Gnawnian Express Station,Raider River,SB+,-,6.91%,Cannonball,
Gnawnian Express Station,Raider River,SB+,-,2.11%,Farrier,
Gnawnian Express Station,Raider River,SB+,-,6.40%,Hookshot,
Gnawnian Express Station,Raider River,SB+,-,6.44%,Mouse With No Name,
Gnawnian Express Station,Raider River,SB+,-,6.62%,Mysterious Traveller,
Gnawnian Express Station,Raider River,SB+,-,2.45%,Parlour Player,
Gnawnian Express Station,Raider River,SB+,-,6.30%,Passenger,
Gnawnian Express Station,Raider River,SB+,-,6.17%,Photographer,
Gnawnian Express Station,Raider River,SB+,-,6.30%,Sharpshooter,
Gnawnian Express Station,Raider River,SB+,-,5.73%,Steel Horse Rider,
Gnawnian Express Station,Raider River,SB+,-,7.00%,Stoutgear,
Gnawnian Express Station,Raider River,SB+,-,3.62%,Stowaway,
Gnawnian Express Station,Raider River,SB+,-,2.04%,Stuffy Banker,
Gnawnian Express Station,Raider River,SB+,-,2.01%,Tonic Salesman,
Gnawnian Express Station,Raider River,SB+,-,7.29%,Train Conductor,
Gnawnian Express Station,Raider River,SB+,-,5.73%,Travelling Barber,
Gnawnian Express Station,Raider River,SB+,-,2.19%,Upper Class Lady,
Gnawnian Express Station,Raider River,Gouda/Brie/Swiss/White Cheddar/Marble/Mozzarella/Cheddar,-,7.21%,Angry Train Staff,
Gnawnian Express Station,Raider River,Gouda/Brie/Swiss/White Cheddar/Marble/Mozzarella/Cheddar,-,6.61%,Automorat,
Gnawnian Express Station,Raider River,Gouda/Brie/Swiss/White Cheddar/Marble/Mozzarella/Cheddar,-,1.93%,Bartender,
Gnawnian Express Station,Raider River,Gouda/Brie/Swiss/White Cheddar/Marble/Mozzarella/Cheddar,-,6.58%,Cannonball,
Gnawnian Express Station,Raider River,Gouda/Brie/Swiss/White Cheddar/Marble/Mozzarella/Cheddar,-,0.00%,Dangerous Duo,
Gnawnian Express Station,Raider River,Gouda/Brie/Swiss/White Cheddar/Marble/Mozzarella/Cheddar,-,1.93%,Farrier,
Gnawnian Express Station,Raider River,Gouda/Brie/Swiss/White Cheddar/Marble/Mozzarella/Cheddar,-,6.37%,Hookshot,
Gnawnian Express Station,Raider River,Gouda/Brie/Swiss/White Cheddar/Marble/Mozzarella/Cheddar,-,6.17%,Mouse With No Name,
Gnawnian Express Station,Raider River,Gouda/Brie/Swiss/White Cheddar/Marble/Mozzarella/Cheddar,-,6.98%,Mysterious Traveller,
Gnawnian Express Station,Raider River,Gouda/Brie/Swiss/White Cheddar/Marble/Mozzarella/Cheddar,-,2.20%,Parlour Player,
Gnawnian Express Station,Raider River,Gouda/Brie/Swiss/White Cheddar/Marble/Mozzarella/Cheddar,-,6.67%,Passenger,
Gnawnian Express Station,Raider River,Gouda/Brie/Swiss/White Cheddar/Marble/Mozzarella/Cheddar,-,6.67%,Photographer,
Gnawnian Express Station,Raider River,Gouda/Brie/Swiss/White Cheddar/Marble/Mozzarella/Cheddar,-,6.80%,Sharpshooter,
Gnawnian Express Station,Raider River,Gouda/Brie/Swiss/White Cheddar/Marble/Mozzarella/Cheddar,-,6.33%,Steel Horse Rider,
Gnawnian Express Station,Raider River,Gouda/Brie/Swiss/White Cheddar/Marble/Mozzarella/Cheddar,-,6.57%,Stoutgear,
Gnawnian Express Station,Raider River,Gouda/Brie/Swiss/White Cheddar/Marble/Mozzarella/Cheddar,-,0.71%,Stowaway,
Gnawnian Express Station,Raider River,Gouda/Brie/Swiss/White Cheddar/Marble/Mozzarella/Cheddar,-,2.18%,Stuffy Banker,
Gnawnian Express Station,Raider River,Gouda/Brie/Swiss/White Cheddar/Marble/Mozzarella/Cheddar,-,1.91%,Tonic Salesman,
Gnawnian Express Station,Raider River,Gouda/Brie/Swiss/White Cheddar/Marble/Mozzarella/Cheddar,-,6.86%,Train Conductor,
Gnawnian Express Station,Raider River,Gouda/Brie/Swiss/White Cheddar/Marble/Mozzarella/Cheddar,-,7.13%,Travelling Barber,
Gnawnian Express Station,Raider River,Gouda/Brie/Swiss/White Cheddar/Marble/Mozzarella/Cheddar,-,2.18%,Upper Class Lady,
Gnawnian Express Station,Raider River,SB+,Roof Rack,3.39%,Angry Train Staff,
Gnawnian Express Station,Raider River,SB+,Roof Rack,3.68%,Automorat,
Gnawnian Express Station,Raider River,SB+,Roof Rack,1.08%,Bartender,
Gnawnian Express Station,Raider River,SB+,Roof Rack,3.48%,Cannonball,
Gnawnian Express Station,Raider River,SB+,Roof Rack,11.67%,Dangerous Duo,
Gnawnian Express Station,Raider River,SB+,Roof Rack,1.16%,Farrier,
Gnawnian Express Station,Raider River,SB+,Roof Rack,3.48%,Hookshot,
Gnawnian Express Station,Raider River,SB+,Roof Rack,14.88%,Mouse With No Name,
Gnawnian Express Station,Raider River,SB+,Roof Rack,3.60%,Mysterious Traveller,
Gnawnian Express Station,Raider River,SB+,Roof Rack,1.10%,Parlour Player,
Gnawnian Express Station,Raider River,SB+,Roof Rack,3.45%,Passenger,
Gnawnian Express Station,Raider River,SB+,Roof Rack,3.56%,Photographer,
Gnawnian Express Station,Raider River,SB+,Roof Rack,15.46%,Sharpshooter,
Gnawnian Express Station,Raider River,SB+,Roof Rack,14.60%,Steel Horse Rider,
Gnawnian Express Station,Raider River,SB+,Roof Rack,3.91%,Stoutgear,
Gnawnian Express Station,Raider River,SB+,Roof Rack,1.67%,Stowaway,
Gnawnian Express Station,Raider River,SB+,Roof Rack,1.08%,Stuffy Banker,
Gnawnian Express Station,Raider River,SB+,Roof Rack,1.00%,Tonic Salesman,
Gnawnian Express Station,Raider River,SB+,Roof Rack,3.28%,Train Conductor,
Gnawnian Express Station,Raider River,SB+,Roof Rack,3.46%,Travelling Barber,
Gnawnian Express Station,Raider River,SB+,Roof Rack,1.00%,Upper Class Lady,
Gnawnian Express Station,Raider River,Gouda/Brie/Swiss/White Cheddar/Marble/Mozzarella/Cheddar,Roof Rack,3.52%,Angry Train Staff,
Gnawnian Express Station,Raider River,Gouda/Brie/Swiss/White Cheddar/Marble/Mozzarella/Cheddar,Roof Rack,3.61%,Automorat,
Gnawnian Express Station,Raider River,Gouda/Brie/Swiss/White Cheddar/Marble/Mozzarella/Cheddar,Roof Rack,1.01%,Bartender,
Gnawnian Express Station,Raider River,Gouda/Brie/Swiss/White Cheddar/Marble/Mozzarella/Cheddar,Roof Rack,3.44%,Cannonball,
Gnawnian Express Station,Raider River,Gouda/Brie/Swiss/White Cheddar/Marble/Mozzarella/Cheddar,Roof Rack,11.60%,Dangerous Duo,
Gnawnian Express Station,Raider River,Gouda/Brie/Swiss/White Cheddar/Marble/Mozzarella/Cheddar,Roof Rack,1.00%,Farrier,
Gnawnian Express Station,Raider River,Gouda/Brie/Swiss/White Cheddar/Marble/Mozzarella/Cheddar,Roof Rack,3.65%,Hookshot,
Gnawnian Express Station,Raider River,Gouda/Brie/Swiss/White Cheddar/Marble/Mozzarella/Cheddar,Roof Rack,14.82%,Mouse With No Name,
Gnawnian Express Station,Raider River,Gouda/Brie/Swiss/White Cheddar/Marble/Mozzarella/Cheddar,Roof Rack,3.66%,Mysterious Traveller,
Gnawnian Express Station,Raider River,Gouda/Brie/Swiss/White Cheddar/Marble/Mozzarella/Cheddar,Roof Rack,1.15%,Parlour Player,
Gnawnian Express Station,Raider River,Gouda/Brie/Swiss/White Cheddar/Marble/Mozzarella/Cheddar,Roof Rack,3.85%,Passenger,
Gnawnian Express Station,Raider River,Gouda/Brie/Swiss/White Cheddar/Marble/Mozzarella/Cheddar,Roof Rack,3.65%,Photographer,
Gnawnian Express Station,Raider River,Gouda/Brie/Swiss/White Cheddar/Marble/Mozzarella/Cheddar,Roof Rack,14.93%,Sharpshooter,
Gnawnian Express Station,Raider River,Gouda/Brie/Swiss/White Cheddar/Marble/Mozzarella/Cheddar,Roof Rack,15.65%,Steel Horse Rider,
Gnawnian Express Station,Raider River,Gouda/Brie/Swiss/White Cheddar/Marble/Mozzarella/Cheddar,Roof Rack,3.70%,Stoutgear,
Gnawnian Express Station,Raider River,Gouda/Brie/Swiss/White Cheddar/Marble/Mozzarella/Cheddar,Roof Rack,1.08%,Stuffy Banker,
Gnawnian Express Station,Raider River,Gouda/Brie/Swiss/White Cheddar/Marble/Mozzarella/Cheddar,Roof Rack,1.10%,Tonic Salesman,
Gnawnian Express Station,Raider River,Gouda/Brie/Swiss/White Cheddar/Marble/Mozzarella/Cheddar,Roof Rack,3.97%,Train Conductor,
Gnawnian Express Station,Raider River,Gouda/Brie/Swiss/White Cheddar/Marble/Mozzarella/Cheddar,Roof Rack,3.53%,Travelling Barber,
Gnawnian Express Station,Raider River,Gouda/Brie/Swiss/White Cheddar/Marble/Mozzarella/Cheddar,Roof Rack,1.09%,Upper Class Lady,
Gnawnian Express Station,Raider River,SB+,Door Guard,3.39%,Angry Train Staff,
Gnawnian Express Station,Raider River,SB+,Door Guard,3.68%,Automorat,
Gnawnian Express Station,Raider River,SB+,Door Guard,1.08%,Bartender,
Gnawnian Express Station,Raider River,SB+,Door Guard,3.48%,Cannonball,
Gnawnian Express Station,Raider River,SB+,Door Guard,11.67%,Dangerous Duo,
Gnawnian Express Station,Raider River,SB+,Door Guard,1.16%,Farrier,
Gnawnian Express Station,Raider River,SB+,Door Guard,3.48%,Hookshot,
Gnawnian Express Station,Raider River,SB+,Door Guard,14.88%,Mouse With No Name,
Gnawnian Express Station,Raider River,SB+,Door Guard,3.60%,Mysterious Traveller,
Gnawnian Express Station,Raider River,SB+,Door Guard,1.10%,Parlour Player,
Gnawnian Express Station,Raider River,SB+,Door Guard,3.45%,Passenger,
Gnawnian Express Station,Raider River,SB+,Door Guard,3.56%,Photographer,
Gnawnian Express Station,Raider River,SB+,Door Guard,15.46%,Sharpshooter,
Gnawnian Express Station,Raider River,SB+,Door Guard,14.60%,Steel Horse Rider,
Gnawnian Express Station,Raider River,SB+,Door Guard,3.91%,Stoutgear,
Gnawnian Express Station,Raider River,SB+,Door Guard,1.67%,Stowaway,
Gnawnian Express Station,Raider River,SB+,Door Guard,1.08%,Stuffy Banker,
Gnawnian Express Station,Raider River,SB+,Door Guard,1.00%,Tonic Salesman,
Gnawnian Express Station,Raider River,SB+,Door Guard,3.28%,Train Conductor,
Gnawnian Express Station,Raider River,SB+,Door Guard,3.46%,Travelling Barber,
Gnawnian Express Station,Raider River,SB+,Door Guard,1.00%,Upper Class Lady,
Gnawnian Express Station,Raider River,Gouda/Brie/Swiss/White Cheddar/Marble/Mozzarella/Cheddar,Door Guard,3.52%,Angry Train Staff,
Gnawnian Express Station,Raider River,Gouda/Brie/Swiss/White Cheddar/Marble/Mozzarella/Cheddar,Door Guard,3.61%,Automorat,
Gnawnian Express Station,Raider River,Gouda/Brie/Swiss/White Cheddar/Marble/Mozzarella/Cheddar,Door Guard,1.01%,Bartender,
Gnawnian Express Station,Raider River,Gouda/Brie/Swiss/White Cheddar/Marble/Mozzarella/Cheddar,Door Guard,3.44%,Cannonball,
Gnawnian Express Station,Raider River,Gouda/Brie/Swiss/White Cheddar/Marble/Mozzarella/Cheddar,Door Guard,11.60%,Dangerous Duo,
Gnawnian Express Station,Raider River,Gouda/Brie/Swiss/White Cheddar/Marble/Mozzarella/Cheddar,Door Guard,1.00%,Farrier,
Gnawnian Express Station,Raider River,Gouda/Brie/Swiss/White Cheddar/Marble/Mozzarella/Cheddar,Door Guard,3.65%,Hookshot,
Gnawnian Express Station,Raider River,Gouda/Brie/Swiss/White Cheddar/Marble/Mozzarella/Cheddar,Door Guard,14.82%,Mouse With No Name,
Gnawnian Express Station,Raider River,Gouda/Brie/Swiss/White Cheddar/Marble/Mozzarella/Cheddar,Door Guard,3.66%,Mysterious Traveller,
Gnawnian Express Station,Raider River,Gouda/Brie/Swiss/White Cheddar/Marble/Mozzarella/Cheddar,Door Guard,1.15%,Parlour Player,
Gnawnian Express Station,Raider River,Gouda/Brie/Swiss/White Cheddar/Marble/Mozzarella/Cheddar,Door Guard,3.85%,Passenger,
Gnawnian Express Station,Raider River,Gouda/Brie/Swiss/White Cheddar/Marble/Mozzarella/Cheddar,Door Guard,3.65%,Photographer,
Gnawnian Express Station,Raider River,Gouda/Brie/Swiss/White Cheddar/Marble/Mozzarella/Cheddar,Door Guard,14.93%,Sharpshooter,
Gnawnian Express Station,Raider River,Gouda/Brie/Swiss/White Cheddar/Marble/Mozzarella/Cheddar,Door Guard,15.65%,Steel Horse Rider,
Gnawnian Express Station,Raider River,Gouda/Brie/Swiss/White Cheddar/Marble/Mozzarella/Cheddar,Door Guard,3.70%,Stoutgear,
Gnawnian Express Station,Raider River,Gouda/Brie/Swiss/White Cheddar/Marble/Mozzarella/Cheddar,Door Guard,1.08%,Stuffy Banker,
Gnawnian Express Station,Raider River,Gouda/Brie/Swiss/White Cheddar/Marble/Mozzarella/Cheddar,Door Guard,1.10%,Tonic Salesman,
Gnawnian Express Station,Raider River,Gouda/Brie/Swiss/White Cheddar/Marble/Mozzarella/Cheddar,Door Guard,3.97%,Train Conductor,
Gnawnian Express Station,Raider River,Gouda/Brie/Swiss/White Cheddar/Marble/Mozzarella/Cheddar,Door Guard,3.53%,Travelling Barber,
Gnawnian Express Station,Raider River,Gouda/Brie/Swiss/White Cheddar/Marble/Mozzarella/Cheddar,Door Guard,1.09%,Upper Class Lady,
Gnawnian Express Station,Raider River,SB+,Greasy Glob,3.39%,Angry Train Staff,
Gnawnian Express Station,Raider River,SB+,Greasy Glob,3.68%,Automorat,
Gnawnian Express Station,Raider River,SB+,Greasy Glob,1.08%,Bartender,
Gnawnian Express Station,Raider River,SB+,Greasy Glob,3.48%,Cannonball,
Gnawnian Express Station,Raider River,SB+,Greasy Glob,11.67%,Dangerous Duo,
Gnawnian Express Station,Raider River,SB+,Greasy Glob,1.16%,Farrier,
Gnawnian Express Station,Raider River,SB+,Greasy Glob,3.48%,Hookshot,
Gnawnian Express Station,Raider River,SB+,Greasy Glob,14.88%,Mouse With No Name,
Gnawnian Express Station,Raider River,SB+,Greasy Glob,3.60%,Mysterious Traveller,
Gnawnian Express Station,Raider River,SB+,Greasy Glob,1.10%,Parlour Player,
Gnawnian Express Station,Raider River,SB+,Greasy Glob,3.45%,Passenger,
Gnawnian Express Station,Raider River,SB+,Greasy Glob,3.56%,Photographer,
Gnawnian Express Station,Raider River,SB+,Greasy Glob,15.46%,Sharpshooter,
Gnawnian Express Station,Raider River,SB+,Greasy Glob,14.60%,Steel Horse Rider,
Gnawnian Express Station,Raider River,SB+,Greasy Glob,3.91%,Stoutgear,
Gnawnian Express Station,Raider River,SB+,Greasy Glob,1.67%,Stowaway,
Gnawnian Express Station,Raider River,SB+,Greasy Glob,1.08%,Stuffy Banker,
Gnawnian Express Station,Raider River,SB+,Greasy Glob,1.00%,Tonic Salesman,
Gnawnian Express Station,Raider River,SB+,Greasy Glob,3.28%,Train Conductor,
Gnawnian Express Station,Raider River,SB+,Greasy Glob,3.46%,Travelling Barber,
Gnawnian Express Station,Raider River,SB+,Greasy Glob,1.00%,Upper Class Lady,
Gnawnian Express Station,Raider River,Gouda/Brie/Swiss/White Cheddar/Marble/Mozzarella/Cheddar,Greasy Glob,3.52%,Angry Train Staff,
Gnawnian Express Station,Raider River,Gouda/Brie/Swiss/White Cheddar/Marble/Mozzarella/Cheddar,Greasy Glob,3.61%,Automorat,
Gnawnian Express Station,Raider River,Gouda/Brie/Swiss/White Cheddar/Marble/Mozzarella/Cheddar,Greasy Glob,1.01%,Bartender,
Gnawnian Express Station,Raider River,Gouda/Brie/Swiss/White Cheddar/Marble/Mozzarella/Cheddar,Greasy Glob,3.44%,Cannonball,
Gnawnian Express Station,Raider River,Gouda/Brie/Swiss/White Cheddar/Marble/Mozzarella/Cheddar,Greasy Glob,11.60%,Dangerous Duo,
Gnawnian Express Station,Raider River,Gouda/Brie/Swiss/White Cheddar/Marble/Mozzarella/Cheddar,Greasy Glob,1.00%,Farrier,
Gnawnian Express Station,Raider River,Gouda/Brie/Swiss/White Cheddar/Marble/Mozzarella/Cheddar,Greasy Glob,3.65%,Hookshot,
Gnawnian Express Station,Raider River,Gouda/Brie/Swiss/White Cheddar/Marble/Mozzarella/Cheddar,Greasy Glob,14.82%,Mouse With No Name,
Gnawnian Express Station,Raider River,Gouda/Brie/Swiss/White Cheddar/Marble/Mozzarella/Cheddar,Greasy Glob,3.66%,Mysterious Traveller,
Gnawnian Express Station,Raider River,Gouda/Brie/Swiss/White Cheddar/Marble/Mozzarella/Cheddar,Greasy Glob,1.15%,Parlour Player,
Gnawnian Express Station,Raider River,Gouda/Brie/Swiss/White Cheddar/Marble/Mozzarella/Cheddar,Greasy Glob,3.85%,Passenger,
Gnawnian Express Station,Raider River,Gouda/Brie/Swiss/White Cheddar/Marble/Mozzarella/Cheddar,Greasy Glob,3.65%,Photographer,
Gnawnian Express Station,Raider River,Gouda/Brie/Swiss/White Cheddar/Marble/Mozzarella/Cheddar,Greasy Glob,14.93%,Sharpshooter,
Gnawnian Express Station,Raider River,Gouda/Brie/Swiss/White Cheddar/Marble/Mozzarella/Cheddar,Greasy Glob,15.65%,Steel Horse Rider,
Gnawnian Express Station,Raider River,Gouda/Brie/Swiss/White Cheddar/Marble/Mozzarella/Cheddar,Greasy Glob,3.70%,Stoutgear,
Gnawnian Express Station,Raider River,Gouda/Brie/Swiss/White Cheddar/Marble/Mozzarella/Cheddar,Greasy Glob,1.08%,Stuffy Banker,
Gnawnian Express Station,Raider River,Gouda/Brie/Swiss/White Cheddar/Marble/Mozzarella/Cheddar,Greasy Glob,1.10%,Tonic Salesman,
Gnawnian Express Station,Raider River,Gouda/Brie/Swiss/White Cheddar/Marble/Mozzarella/Cheddar,Greasy Glob,3.97%,Train Conductor,
Gnawnian Express Station,Raider River,Gouda/Brie/Swiss/White Cheddar/Marble/Mozzarella/Cheddar,Greasy Glob,3.53%,Travelling Barber,
Gnawnian Express Station,Raider River,Gouda/Brie/Swiss/White Cheddar/Marble/Mozzarella/Cheddar,Greasy Glob,1.09%,Upper Class Lady,
Gnawnian Express Station,Daredevil Canyon,SB+,-,7.87%,Angry Train Staff,
Gnawnian Express Station,Daredevil Canyon,SB+,-,2.23%,Bartender,
Gnawnian Express Station,Daredevil Canyon,SB+,-,1.65%,Farrier,
Gnawnian Express Station,Daredevil Canyon,SB+,-,14.43%,Fuel,
Gnawnian Express Station,Daredevil Canyon,SB+,-,7.77%,Mysterious Traveller,
Gnawnian Express Station,Daredevil Canyon,SB+,-,2.07%,Parlour Player,
Gnawnian Express Station,Daredevil Canyon,SB+,-,7.87%,Passenger,
Gnawnian Express Station,Daredevil Canyon,SB+,-,7.92%,Photographer,
Gnawnian Express Station,Daredevil Canyon,SB+,-,3.86%,Stowaway,
Gnawnian Express Station,Daredevil Canyon,SB+,-,2.47%,Stuffy Banker,
Gnawnian Express Station,Daredevil Canyon,SB+,-,2.28%,Tonic Salesman,
Gnawnian Express Station,Daredevil Canyon,SB+,-,7.71%,Train Conductor,
Gnawnian Express Station,Daredevil Canyon,SB+,-,21.17%,Train Engineer,
Gnawnian Express Station,Daredevil Canyon,SB+,-,8.40%,Travelling Barber,
Gnawnian Express Station,Daredevil Canyon,SB+,-,2.30%,Upper Class Lady,
Gnawnian Express Station,Daredevil Canyon,Gouda/Brie/Swiss/White Cheddar/Marble/Mozzarella/Cheddar,-,8.07%,Angry Train Staff,
Gnawnian Express Station,Daredevil Canyon,Gouda/Brie/Swiss/White Cheddar/Marble/Mozzarella/Cheddar,-,2.50%,Bartender,
Gnawnian Express Station,Daredevil Canyon,Gouda/Brie/Swiss/White Cheddar/Marble/Mozzarella/Cheddar,-,2.42%,Farrier,
Gnawnian Express Station,Daredevil Canyon,Gouda/Brie/Swiss/White Cheddar/Marble/Mozzarella/Cheddar,-,14.65%,Fuel,
Gnawnian Express Station,Daredevil Canyon,Gouda/Brie/Swiss/White Cheddar/Marble/Mozzarella/Cheddar,-,8.11%,Mysterious Traveller,
Gnawnian Express Station,Daredevil Canyon,Gouda/Brie/Swiss/White Cheddar/Marble/Mozzarella/Cheddar,-,2.38%,Parlour Player,
Gnawnian Express Station,Daredevil Canyon,Gouda/Brie/Swiss/White Cheddar/Marble/Mozzarella/Cheddar,-,7.99%,Passenger,
Gnawnian Express Station,Daredevil Canyon,Gouda/Brie/Swiss/White Cheddar/Marble/Mozzarella/Cheddar,-,7.83%,Photographer,
Gnawnian Express Station,Daredevil Canyon,Gouda/Brie/Swiss/White Cheddar/Marble/Mozzarella/Cheddar,-,0.85%,Stowaway,
Gnawnian Express Station,Daredevil Canyon,Gouda/Brie/Swiss/White Cheddar/Marble/Mozzarella/Cheddar,-,2.39%,Stuffy Banker,
Gnawnian Express Station,Daredevil Canyon,Gouda/Brie/Swiss/White Cheddar/Marble/Mozzarella/Cheddar,-,2.28%,Tonic Salesman,
Gnawnian Express Station,Daredevil Canyon,Gouda/Brie/Swiss/White Cheddar/Marble/Mozzarella/Cheddar,-,7.81%,Train Conductor,
Gnawnian Express Station,Daredevil Canyon,Gouda/Brie/Swiss/White Cheddar/Marble/Mozzarella/Cheddar,-,21.94%,Train Engineer,
Gnawnian Express Station,Daredevil Canyon,Gouda/Brie/Swiss/White Cheddar/Marble/Mozzarella/Cheddar,-,8.23%,Travelling Barber,
Gnawnian Express Station,Daredevil Canyon,Gouda/Brie/Swiss/White Cheddar/Marble/Mozzarella/Cheddar,-,2.56%,Upper Class Lady,
Gnawnian Express Station,Daredevil Canyon,SB+,Dusty Coal,5.71%,Angry Train Staff,
Gnawnian Express Station,Daredevil Canyon,SB+,Dusty Coal,1.70%,Bartender,
Gnawnian Express Station,Daredevil Canyon,SB+,Dusty Coal,26.60%,Coal Shoveller,
Gnawnian Express Station,Daredevil Canyon,SB+,Dusty Coal,1.72%,Farrier,
Gnawnian Express Station,Daredevil Canyon,SB+,Dusty Coal,10.87%,Fuel,
Gnawnian Express Station,Daredevil Canyon,SB+,Dusty Coal,5.63%,Mysterious Traveller,
Gnawnian Express Station,Daredevil Canyon,SB+,Dusty Coal,1.61%,Parlour Player,
Gnawnian Express Station,Daredevil Canyon,SB+,Dusty Coal,5.59%,Passenger,
Gnawnian Express Station,Daredevil Canyon,SB+,Dusty Coal,5.67%,Photographer,
Gnawnian Express Station,Daredevil Canyon,SB+,Dusty Coal,2.78%,Stowaway,
Gnawnian Express Station,Daredevil Canyon,SB+,Dusty Coal,1.70%,Stuffy Banker,
Gnawnian Express Station,Daredevil Canyon,SB+,Dusty Coal,1.69%,Tonic Salesman,
Gnawnian Express Station,Daredevil Canyon,SB+,Dusty Coal,5.45%,Train Conductor,
Gnawnian Express Station,Daredevil Canyon,SB+,Dusty Coal,16.28%,Train Engineer,
Gnawnian Express Station,Daredevil Canyon,SB+,Dusty Coal,5.33%,Travelling Barber,
Gnawnian Express Station,Daredevil Canyon,SB+,Dusty Coal,1.66%,Upper Class Lady,
Gnawnian Express Station,Daredevil Canyon,Gouda/Brie/Swiss/White Cheddar/Marble/Mozzarella/Cheddar,Dusty Coal,27.04%,Coal Shoveller,
Gnawnian Express Station,Daredevil Canyon,Gouda/Brie/Swiss/White Cheddar/Marble/Mozzarella/Cheddar,Dusty Coal,16.54%,Train Engineer,
Gnawnian Express Station,Daredevil Canyon,Gouda/Brie/Swiss/White Cheddar/Marble/Mozzarella/Cheddar,Dusty Coal,11.02%,Fuel,
Gnawnian Express Station,Daredevil Canyon,Gouda/Brie/Swiss/White Cheddar/Marble/Mozzarella/Cheddar,Dusty Coal,5.81%,Travelling Barber,
Gnawnian Express Station,Daredevil Canyon,Gouda/Brie/Swiss/White Cheddar/Marble/Mozzarella/Cheddar,Dusty Coal,5.78%,Mysterious Traveller,
Gnawnian Express Station,Daredevil Canyon,Gouda/Brie/Swiss/White Cheddar/Marble/Mozzarella/Cheddar,Dusty Coal,5.76%,Passenger,
Gnawnian Express Station,Daredevil Canyon,Gouda/Brie/Swiss/White Cheddar/Marble/Mozzarella/Cheddar,Dusty Coal,5.75%,Train Conductor,
Gnawnian Express Station,Daredevil Canyon,Gouda/Brie/Swiss/White Cheddar/Marble/Mozzarella/Cheddar,Dusty Coal,5.74%,Photographer,
Gnawnian Express Station,Daredevil Canyon,Gouda/Brie/Swiss/White Cheddar/Marble/Mozzarella/Cheddar,Dusty Coal,5.65%,Angry Train Staff,
Gnawnian Express Station,Daredevil Canyon,Gouda/Brie/Swiss/White Cheddar/Marble/Mozzarella/Cheddar,Dusty Coal,1.83%,Bartender,
Gnawnian Express Station,Daredevil Canyon,Gouda/Brie/Swiss/White Cheddar/Marble/Mozzarella/Cheddar,Dusty Coal,1.71%,Farrier,
Gnawnian Express Station,Daredevil Canyon,Gouda/Brie/Swiss/White Cheddar/Marble/Mozzarella/Cheddar,Dusty Coal,1.71%,Parlour Player,
Gnawnian Express Station,Daredevil Canyon,Gouda/Brie/Swiss/White Cheddar/Marble/Mozzarella/Cheddar,Dusty Coal,1.71%,Tonic Salesman,
Gnawnian Express Station,Daredevil Canyon,Gouda/Brie/Swiss/White Cheddar/Marble/Mozzarella/Cheddar,Dusty Coal,1.67%,Upper Class Lady,
Gnawnian Express Station,Daredevil Canyon,Gouda/Brie/Swiss/White Cheddar/Marble/Mozzarella/Cheddar,Dusty Coal,1.68%,Stuffy Banker,
Gnawnian Express Station,Daredevil Canyon,Gouda/Brie/Swiss/White Cheddar/Marble/Mozzarella/Cheddar,Dusty Coal,0.60%,Stowaway,
Gnawnian Express Station,Daredevil Canyon,SB+,Black Powder,5.49%,Angry Train Staff,
Gnawnian Express Station,Daredevil Canyon,SB+,Black Powder,1.92%,Bartender,
Gnawnian Express Station,Daredevil Canyon,SB+,Black Powder,26.33%,Black Powder Thief,
Gnawnian Express Station,Daredevil Canyon,SB+,Black Powder,1.58%,Farrier,
Gnawnian Express Station,Daredevil Canyon,SB+,Black Powder,10.58%,Fuel,
Gnawnian Express Station,Daredevil Canyon,SB+,Black Powder,5.45%,Mysterious Traveller,
Gnawnian Express Station,Daredevil Canyon,SB+,Black Powder,1.81%,Parlour Player,
Gnawnian Express Station,Daredevil Canyon,SB+,Black Powder,5.70%,Passenger,
Gnawnian Express Station,Daredevil Canyon,SB+,Black Powder,5.54%,Photographer,
Gnawnian Express Station,Daredevil Canyon,SB+,Black Powder,2.89%,Stowaway,
Gnawnian Express Station,Daredevil Canyon,SB+,Black Powder,1.79%,Stuffy Banker,
Gnawnian Express Station,Daredevil Canyon,SB+,Black Powder,1.62%,Tonic Salesman,
Gnawnian Express Station,Daredevil Canyon,SB+,Black Powder,5.19%,Train Conductor,
Gnawnian Express Station,Daredevil Canyon,SB+,Black Powder,16.64%,Train Engineer,
Gnawnian Express Station,Daredevil Canyon,SB+,Black Powder,5.72%,Travelling Barber,
Gnawnian Express Station,Daredevil Canyon,SB+,Black Powder,1.75%,Upper Class Lady,
Gnawnian Express Station,Daredevil Canyon,Gouda/Brie/Swiss/White Cheddar/Marble/Mozzarella/Cheddar,Black Powder,5.66%,Angry Train Staff,
Gnawnian Express Station,Daredevil Canyon,Gouda/Brie/Swiss/White Cheddar/Marble/Mozzarella/Cheddar,Black Powder,1.88%,Bartender,
Gnawnian Express Station,Daredevil Canyon,Gouda/Brie/Swiss/White Cheddar/Marble/Mozzarella/Cheddar,Black Powder,26.49%,Black Powder Thief,
Gnawnian Express Station,Daredevil Canyon,Gouda/Brie/Swiss/White Cheddar/Marble/Mozzarella/Cheddar,Black Powder,1.76%,Farrier,
Gnawnian Express Station,Daredevil Canyon,Gouda/Brie/Swiss/White Cheddar/Marble/Mozzarella/Cheddar,Black Powder,11.12%,Fuel,
Gnawnian Express Station,Daredevil Canyon,Gouda/Brie/Swiss/White Cheddar/Marble/Mozzarella/Cheddar,Black Powder,5.72%,Mysterious Traveller,
Gnawnian Express Station,Daredevil Canyon,Gouda/Brie/Swiss/White Cheddar/Marble/Mozzarella/Cheddar,Black Powder,1.76%,Parlour Player,
Gnawnian Express Station,Daredevil Canyon,Gouda/Brie/Swiss/White Cheddar/Marble/Mozzarella/Cheddar,Black Powder,6.04%,Passenger,
Gnawnian Express Station,Daredevil Canyon,Gouda/Brie/Swiss/White Cheddar/Marble/Mozzarella/Cheddar,Black Powder,5.56%,Photographer,
Gnawnian Express Station,Daredevil Canyon,Gouda/Brie/Swiss/White Cheddar/Marble/Mozzarella/Cheddar,Black Powder,0.55%,Stowaway,
Gnawnian Express Station,Daredevil Canyon,Gouda/Brie/Swiss/White Cheddar/Marble/Mozzarella/Cheddar,Black Powder,1.76%,Stuffy Banker,
Gnawnian Express Station,Daredevil Canyon,Gouda/Brie/Swiss/White Cheddar/Marble/Mozzarella/Cheddar,Black Powder,1.65%,Tonic Salesman,
Gnawnian Express Station,Daredevil Canyon,Gouda/Brie/Swiss/White Cheddar/Marble/Mozzarella/Cheddar,Black Powder,5.96%,Train Conductor,
Gnawnian Express Station,Daredevil Canyon,Gouda/Brie/Swiss/White Cheddar/Marble/Mozzarella/Cheddar,Black Powder,16.30%,Train Engineer,
Gnawnian Express Station,Daredevil Canyon,Gouda/Brie/Swiss/White Cheddar/Marble/Mozzarella/Cheddar,Black Powder,5.91%,Travelling Barber,
Gnawnian Express Station,Daredevil Canyon,Gouda/Brie/Swiss/White Cheddar/Marble/Mozzarella/Cheddar,Black Powder,1.85%,Upper Class Lady,
Gnawnian Express Station,Daredevil Canyon,SB+,Magmatic Crystal,5.50%,Angry Train Staff,
Gnawnian Express Station,Daredevil Canyon,SB+,Magmatic Crystal,1.54%,Bartender,
Gnawnian Express Station,Daredevil Canyon,SB+,Magmatic Crystal,0.54%,Black Powder Thief,
Gnawnian Express Station,Daredevil Canyon,SB+,Magmatic Crystal,1.34%,Farrier,
Gnawnian Express Station,Daredevil Canyon,SB+,Magmatic Crystal,10.12%,Fuel,
Gnawnian Express Station,Daredevil Canyon,SB+,Magmatic Crystal,24.91%,Magmatic Crystal Thief,
Gnawnian Express Station,Daredevil Canyon,SB+,Magmatic Crystal,5.10%,Magmatic Golem,
Gnawnian Express Station,Daredevil Canyon,SB+,Magmatic Crystal,4.66%,Mysterious Traveller,
Gnawnian Express Station,Daredevil Canyon,SB+,Magmatic Crystal,1.58%,Parlour Player,
Gnawnian Express Station,Daredevil Canyon,SB+,Magmatic Crystal,4.89%,Passenger,
Gnawnian Express Station,Daredevil Canyon,SB+,Magmatic Crystal,5.87%,Photographer,
Gnawnian Express Station,Daredevil Canyon,SB+,Magmatic Crystal,2.48%,Stowaway,
Gnawnian Express Station,Daredevil Canyon,SB+,Magmatic Crystal,1.94%,Stuffy Banker,
Gnawnian Express Station,Daredevil Canyon,SB+,Magmatic Crystal,1.74%,Tonic Salesman,
Gnawnian Express Station,Daredevil Canyon,SB+,Magmatic Crystal,4.76%,Train Conductor,
Gnawnian Express Station,Daredevil Canyon,SB+,Magmatic Crystal,16.23%,Train Engineer,
Gnawnian Express Station,Daredevil Canyon,SB+,Magmatic Crystal,5.20%,Travelling Barber,
Gnawnian Express Station,Daredevil Canyon,SB+,Magmatic Crystal,1.61%,Upper Class Lady,
Gnawnian Express Station,Daredevil Canyon,Gouda/Brie/Swiss/White Cheddar/Marble/Mozzarella/Cheddar,Magmatic Crystal,5.76%,Angry Train Staff,
Gnawnian Express Station,Daredevil Canyon,Gouda/Brie/Swiss/White Cheddar/Marble/Mozzarella/Cheddar,Magmatic Crystal,1.86%,Bartender,
Gnawnian Express Station,Daredevil Canyon,Gouda/Brie/Swiss/White Cheddar/Marble/Mozzarella/Cheddar,Magmatic Crystal,0.79%,Black Powder Thief,
Gnawnian Express Station,Daredevil Canyon,Gouda/Brie/Swiss/White Cheddar/Marble/Mozzarella/Cheddar,Magmatic Crystal,1.81%,Farrier,
Gnawnian Express Station,Daredevil Canyon,Gouda/Brie/Swiss/White Cheddar/Marble/Mozzarella/Cheddar,Magmatic Crystal,11.69%,Fuel,
Gnawnian Express Station,Daredevil Canyon,Gouda/Brie/Swiss/White Cheddar/Marble/Mozzarella/Cheddar,Magmatic Crystal,24.75%,Magmatic Crystal Thief,
Gnawnian Express Station,Daredevil Canyon,Gouda/Brie/Swiss/White Cheddar/Marble/Mozzarella/Cheddar,Magmatic Crystal,4.97%,Magmatic Golem,
Gnawnian Express Station,Daredevil Canyon,Gouda/Brie/Swiss/White Cheddar/Marble/Mozzarella/Cheddar,Magmatic Crystal,5.59%,Mysterious Traveller,
Gnawnian Express Station,Daredevil Canyon,Gouda/Brie/Swiss/White Cheddar/Marble/Mozzarella/Cheddar,Magmatic Crystal,1.19%,Parlour Player,
Gnawnian Express Station,Daredevil Canyon,Gouda/Brie/Swiss/White Cheddar/Marble/Mozzarella/Cheddar,Magmatic Crystal,5.76%,Passenger,
Gnawnian Express Station,Daredevil Canyon,Gouda/Brie/Swiss/White Cheddar/Marble/Mozzarella/Cheddar,Magmatic Crystal,5.59%,Photographer,
Gnawnian Express Station,Daredevil Canyon,Gouda/Brie/Swiss/White Cheddar/Marble/Mozzarella/Cheddar,Magmatic Crystal,0.51%,Stowaway,
Gnawnian Express Station,Daredevil Canyon,Gouda/Brie/Swiss/White Cheddar/Marble/Mozzarella/Cheddar,Magmatic Crystal,1.36%,Stuffy Banker,
Gnawnian Express Station,Daredevil Canyon,Gouda/Brie/Swiss/White Cheddar/Marble/Mozzarella/Cheddar,Magmatic Crystal,1.13%,Tonic Salesman,
Gnawnian Express Station,Daredevil Canyon,Gouda/Brie/Swiss/White Cheddar/Marble/Mozzarella/Cheddar,Magmatic Crystal,5.48%,Train Conductor,
Gnawnian Express Station,Daredevil Canyon,Gouda/Brie/Swiss/White Cheddar/Marble/Mozzarella/Cheddar,Magmatic Crystal,15.25%,Train Engineer,
Gnawnian Express Station,Daredevil Canyon,Gouda/Brie/Swiss/White Cheddar/Marble/Mozzarella/Cheddar,Magmatic Crystal,4.86%,Travelling Barber,
Gnawnian Express Station,Daredevil Canyon,Gouda/Brie/Swiss/White Cheddar/Marble/Mozzarella/Cheddar,Magmatic Crystal,1.64%,Upper Class Lady,
Great Gnarled Tree,-,Gnarled,-,25.22%,Curious Chemist,54338
Great Gnarled Tree,-,Gnarled,-,22.08%,Eagle Owl,
Great Gnarled Tree,-,Gnarled,-,11.97%,Elven Princess,
Great Gnarled Tree,-,Gnarled,-,8.58%,Fairy,
Great Gnarled Tree,-,Gnarled,-,8.54%,Shaman,
Great Gnarled Tree,-,Gnarled,-,8.53%,Treant,
Great Gnarled Tree,-,Gnarled,-,5.08%,Goldleaf,
Great Gnarled Tree,-,Gnarled,-,3.41%,Centaur,
Great Gnarled Tree,-,Gnarled,-,3.25%,Foxy,
Great Gnarled Tree,-,Gnarled,-,1.69%,Wicked Witch of Whisker Woods,
Great Gnarled Tree,-,Gnarled,-,1.65%,Bat,
Great Gnarled Tree,-,SB+,-,14.14%,Eagle Owl,20133
Great Gnarled Tree,-,SB+,-,9.95%,Sylvan,
Great Gnarled Tree,-,SB+,-,7.76%,Chameleon,
Great Gnarled Tree,-,SB+,-,7.66%,Bear,
Great Gnarled Tree,-,SB+,-,7.54%,Goldleaf,
Great Gnarled Tree,-,SB+,-,7.52%,Frog,
Great Gnarled Tree,-,SB+,-,6.66%,Elven Princess,
Great Gnarled Tree,-,SB+,-,5.92%,Moosker,
Great Gnarled Tree,-,SB+,-,5.65%,Wiggler,
Great Gnarled Tree,-,SB+,-,4.93%,Shaman,
Great Gnarled Tree,-,SB+,-,4.81%,Treant,
Great Gnarled Tree,-,SB+,-,4.12%,Fairy,
Great Gnarled Tree,-,SB+,-,3.65%,Centaur,
Great Gnarled Tree,-,SB+,-,2.04%,Dwarf,
Great Gnarled Tree,-,SB+,-,1.88%,Tiger,
Great Gnarled Tree,-,SB+,-,1.84%,Wicked Witch of Whisker Woods,
Great Gnarled Tree,-,SB+,-,1.00%,Bat,
Great Gnarled Tree,-,SB+,-,0.89%,Foxy,
Great Gnarled Tree,-,SB+,-,0.88%,Nibbler,
Great Gnarled Tree,-,SB+,-,0.77%,Nomad,
Great Gnarled Tree,-,SB+,-,0.39%,Black Widow,
Great Gnarled Tree,-,Gouda,-,15.35%,Eagle Owl,11927
Great Gnarled Tree,-,Gouda,-,10.54%,Sylvan,
Great Gnarled Tree,-,Gouda,-,8.92%,Chameleon,
Great Gnarled Tree,-,Gouda,-,8.60%,Frog,
Great Gnarled Tree,-,Gouda,-,8.51%,Bear,
Great Gnarled Tree,-,Gouda,-,7.55%,Elven Princess,
Great Gnarled Tree,-,Gouda,-,6.18%,Moosker,
Great Gnarled Tree,-,Gouda,-,6.13%,Wiggler,
Great Gnarled Tree,-,Gouda,-,5.58%,Shaman,
Great Gnarled Tree,-,Gouda,-,5.16%,Treant,
Great Gnarled Tree,-,Gouda,-,4.65%,Fairy,
Great Gnarled Tree,-,Gouda,-,3.73%,Centaur,
Great Gnarled Tree,-,Gouda,-,2.67%,Goldleaf,
Great Gnarled Tree,-,Gouda,-,2.38%,Dwarf,
Great Gnarled Tree,-,Gouda,-,1.99%,Wicked Witch of Whisker Woods,
Great Gnarled Tree,-,Gouda,-,1.04%,Bat,
Great Gnarled Tree,-,Gouda,-,1.02%,Foxy,
Great Gnarled Tree,-,Brie,-,15.37%,Eagle Owl,35687
Great Gnarled Tree,-,Brie,-,10.67%,Sylvan,
Great Gnarled Tree,-,Brie,-,8.54%,Bear,
Great Gnarled Tree,-,Brie,-,8.47%,Frog,
Great Gnarled Tree,-,Brie,-,8.34%,Chameleon,
Great Gnarled Tree,-,Brie,-,7.55%,Elven Princess,
Great Gnarled Tree,-,Brie,-,6.28%,Wiggler,
Great Gnarled Tree,-,Brie,-,6.18%,Moosker,
Great Gnarled Tree,-,Brie,-,5.28%,Treant,
Great Gnarled Tree,-,Brie,-,5.25%,Shaman,
Great Gnarled Tree,-,Brie,-,5.05%,Fairy,
Great Gnarled Tree,-,Brie,-,3.98%,Centaur,
Great Gnarled Tree,-,Brie,-,2.61%,Goldleaf,
Great Gnarled Tree,-,Brie,-,2.12%,Dwarf,
Great Gnarled Tree,-,Brie,-,2.09%,Wicked Witch of Whisker Woods,
Great Gnarled Tree,-,Brie,-,1.18%,Foxy,
Great Gnarled Tree,-,Brie,-,1.04%,Bat,
Great Gnarled Tree,-,Swiss,-,15.52%,Eagle Owl,5040
Great Gnarled Tree,-,Swiss,-,10.73%,Sylvan,
Great Gnarled Tree,-,Swiss,-,8.63%,Frog,
Great Gnarled Tree,-,Swiss,-,8.59%,Chameleon,
Great Gnarled Tree,-,Swiss,-,8.29%,Bear,
Great Gnarled Tree,-,Swiss,-,6.67%,Elven Princess,
Great Gnarled Tree,-,Swiss,-,6.37%,Wiggler,
Great Gnarled Tree,-,Swiss,-,6.17%,Moosker,
Great Gnarled Tree,-,Swiss,-,5.83%,Treant,
Great Gnarled Tree,-,Swiss,-,5.48%,Shaman,
Great Gnarled Tree,-,Swiss,-,4.35%,Fairy,
Great Gnarled Tree,-,Swiss,-,4.33%,Centaur,
Great Gnarled Tree,-,Swiss,-,2.28%,Dwarf,
Great Gnarled Tree,-,Swiss,-,2.24%,Goldleaf,
Great Gnarled Tree,-,Swiss,-,2.20%,Wicked Witch of Whisker Woods,
Great Gnarled Tree,-,Swiss,-,1.29%,Foxy,
Great Gnarled Tree,-,Swiss,-,1.03%,Bat,
Great Gnarled Tree,-,White Cheddar/Marble/Mozzarella/Cheddar,-,14.40%,Eagle Owl,632
Great Gnarled Tree,-,White Cheddar/Marble/Mozzarella/Cheddar,-,11.87%,Sylvan,
Great Gnarled Tree,-,White Cheddar/Marble/Mozzarella/Cheddar,-,8.86%,Bear,
Great Gnarled Tree,-,White Cheddar/Marble/Mozzarella/Cheddar,-,8.54%,Elven Princess,
Great Gnarled Tree,-,White Cheddar/Marble/Mozzarella/Cheddar,-,8.23%,Chameleon,
Great Gnarled Tree,-,White Cheddar/Marble/Mozzarella/Cheddar,-,7.91%,Wiggler,
Great Gnarled Tree,-,White Cheddar/Marble/Mozzarella/Cheddar,-,7.12%,Frog,
Great Gnarled Tree,-,White Cheddar/Marble/Mozzarella/Cheddar,-,5.70%,Fairy,
Great Gnarled Tree,-,White Cheddar/Marble/Mozzarella/Cheddar,-,4.91%,Shaman,
Great Gnarled Tree,-,White Cheddar/Marble/Mozzarella/Cheddar,-,4.91%,Treant,
Great Gnarled Tree,-,White Cheddar/Marble/Mozzarella/Cheddar,-,4.59%,Moosker,
Great Gnarled Tree,-,White Cheddar/Marble/Mozzarella/Cheddar,-,3.96%,Centaur,
Great Gnarled Tree,-,White Cheddar/Marble/Mozzarella/Cheddar,-,3.16%,Dwarf,
Great Gnarled Tree,-,White Cheddar/Marble/Mozzarella/Cheddar,-,2.69%,Goldleaf,
Great Gnarled Tree,-,White Cheddar/Marble/Mozzarella/Cheddar,-,1.74%,Wicked Witch of Whisker Woods,
Great Gnarled Tree,-,White Cheddar/Marble/Mozzarella/Cheddar,-,1.42%,Bat,
Harbour,-,SB+,-,9.92%,Burglar,25252
Harbour,-,SB+,-,9.83%,Pirate,
Harbour,-,SB+,-,8.92%,Spotted,
Harbour,-,SB+,-,7.23%,Brown,
Harbour,-,SB+,-,7.18%,Grey,
Harbour,-,SB+,-,7.00%,White,
Harbour,-,SB+,-,5.29%,Pugilist,
Harbour,-,SB+,-,5.20%,Magic,
Harbour,-,SB+,-,5.14%,Steel,
Harbour,-,SB+,-,5.08%,Scruffy,
Harbour,-,SB+,-,4.96%,Bionic,
Harbour,-,SB+,-,4.89%,Fog,
Harbour,-,SB+,-,4.85%,Granite,
Harbour,-,SB+,-,3.97%,Dwarf,
Harbour,-,SB+,-,3.81%,Silvertail,
Harbour,-,SB+,-,2.95%,Diamond,
Harbour,-,SB+,-,2.85%,Gold,
Harbour,-,SB+,-,0.93%,Black Widow,
Harbour,-,Gouda,-,10.52%,Scruffy,6493
Harbour,-,Gouda,-,9.98%,Dwarf,
Harbour,-,Gouda,-,9.19%,Pirate,
Harbour,-,Gouda,-,8.73%,Spotted,
Harbour,-,Gouda,-,7.87%,Granite,
Harbour,-,Gouda,-,7.84%,Brown,
Harbour,-,Gouda,-,7.65%,Pugilist,
Harbour,-,Gouda,-,7.64%,Steel,
Harbour,-,Gouda,-,7.04%,White,
Harbour,-,Gouda,-,6.92%,Grey,
Harbour,-,Gouda,-,6.56%,Bionic,
Harbour,-,Gouda,-,5.19%,Gold,
Harbour,-,Gouda,-,4.87%,Diamond,
Harbour,-,Brie,-,10.25%,Burglar,16265
Harbour,-,Brie,-,10.10%,Pirate,
Harbour,-,Brie,-,9.98%,Dwarf,
Harbour,-,Brie,-,9.76%,Scruffy,
Harbour,-,Brie,-,8.94%,Spotted,
Harbour,-,Brie,-,7.02%,Brown,
Harbour,-,Brie,-,6.91%,Grey,
Harbour,-,Brie,-,6.89%,White,
Harbour,-,Brie,-,5.23%,Gold,
Harbour,-,Brie,-,5.10%,Pugilist,
Harbour,-,Brie,-,5.02%,Granite,
Harbour,-,Brie,-,4.98%,Bionic,
Harbour,-,Brie,-,4.94%,Diamond,
Harbour,-,Brie,-,4.88%,Steel,
Harbour,-,Swiss,-,10.31%,Scruffy,5093
Harbour,-,Swiss,-,10.25%,Pirate,
Harbour,-,Swiss,-,9.60%,Dwarf,
Harbour,-,Swiss,-,8.42%,Spotted,
Harbour,-,Swiss,-,8.36%,Granite,
Harbour,-,Swiss,-,7.40%,Pugilist,
Harbour,-,Swiss,-,7.38%,Grey,
Harbour,-,Swiss,-,7.28%,Steel,
Harbour,-,Swiss,-,6.70%,Brown,
Harbour,-,Swiss,-,6.48%,White,
Harbour,-,Swiss,-,6.46%,Bionic,
Harbour,-,Swiss,-,5.83%,Gold,
Harbour,-,Swiss,-,5.52%,Diamond,
Harbour,-,Marble/Mozzarella,-,9.98%,Dwarf,2194
Harbour,-,Marble/Mozzarella,-,9.53%,Pirate,
Harbour,-,Marble/Mozzarella,-,9.43%,Scruffy,
Harbour,-,Marble/Mozzarella,-,8.66%,Spotted,
Harbour,-,Marble/Mozzarella,-,8.43%,Pugilist,
Harbour,-,Marble/Mozzarella,-,8.39%,Granite,
Harbour,-,Marble/Mozzarella,-,7.75%,Brown,
Harbour,-,Marble/Mozzarella,-,7.52%,Grey,
Harbour,-,Marble/Mozzarella,-,7.38%,White,
Harbour,-,Marble/Mozzarella,-,6.70%,Steel,
Harbour,-,Marble/Mozzarella,-,6.70%,Bionic,
Harbour,-,Marble/Mozzarella,-,5.29%,Gold,
Harbour,-,Marble/Mozzarella,-,4.24%,Diamond,
Harbour,-,White Cheddar,-,14.49%,Pirate,4775
Harbour,-,White Cheddar,-,14.49%,Scruffy,
Harbour,-,White Cheddar,-,13.97%,Dwarf,
Harbour,-,White Cheddar,-,11.52%,Pugilist,
Harbour,-,White Cheddar,-,11.23%,Granite,
Harbour,-,White Cheddar,-,10.58%,Steel,
Harbour,-,White Cheddar,-,9.95%,Bionic,
Harbour,-,White Cheddar,-,7.14%,Gold,
Harbour,-,White Cheddar,-,6.64%,Diamond,
Iceberg,Treacherous Tunnels,SB+,-,20.03%,Polar Bear,13499
Iceberg,Treacherous Tunnels,SB+,-,19.52%,Snow Slinger,
Iceberg,Treacherous Tunnels,SB+,-,15.47%,Chipper,
Iceberg,Treacherous Tunnels,SB+,-,14.87%,Icebreaker,
Iceberg,Treacherous Tunnels,SB+,-,14.69%,Incompetent Ice Climber,
Iceberg,Treacherous Tunnels,SB+,-,14.55%,Snow Soldier,
Iceberg,Treacherous Tunnels,SB+,-,0.87%,Living Salt,
Iceberg,Treacherous Tunnels,Gouda,-,20.01%,Snow Slinger,39213
Iceberg,Treacherous Tunnels,Gouda,-,19.72%,Polar Bear,
Iceberg,Treacherous Tunnels,Gouda,-,15.42%,Chipper,
Iceberg,Treacherous Tunnels,Gouda,-,14.99%,Icebreaker,
Iceberg,Treacherous Tunnels,Gouda,-,14.69%,Snow Soldier,
Iceberg,Treacherous Tunnels,Gouda,-,14.20%,Incompetent Ice Climber,
Iceberg,Treacherous Tunnels,Gouda,-,0.97%,Living Salt,
Iceberg,Treacherous Tunnels,Brie,-,19.65%,Snow Slinger,7123
Iceberg,Treacherous Tunnels,Brie,-,19.14%,Polar Bear,
Iceberg,Treacherous Tunnels,Brie,-,15.84%,Icebreaker,
Iceberg,Treacherous Tunnels,Brie,-,14.99%,Chipper,
Iceberg,Treacherous Tunnels,Brie,-,14.85%,Snow Soldier,
Iceberg,Treacherous Tunnels,Brie,-,14.83%,Incompetent Ice Climber,
Iceberg,Treacherous Tunnels,Brie,-,0.70%,Living Salt,
Iceberg,Treacherous Tunnels (Magnet),SB+,-,29.70%,Icebreaker,44054
Iceberg,Treacherous Tunnels (Magnet),SB+,-,29.36%,Chipper,
Iceberg,Treacherous Tunnels (Magnet),SB+,-,10.21%,Snow Slinger,
Iceberg,Treacherous Tunnels (Magnet),SB+,-,10.09%,Polar Bear,
Iceberg,Treacherous Tunnels (Magnet),SB+,-,9.91%,Incompetent Ice Climber,
Iceberg,Treacherous Tunnels (Magnet),SB+,-,9.84%,Snow Soldier,
Iceberg,Treacherous Tunnels (Magnet),SB+,-,0.88%,Living Salt,
Iceberg,Treacherous Tunnels (Magnet),Gouda,-,29.71%,Chipper,91963
Iceberg,Treacherous Tunnels (Magnet),Gouda,-,29.30%,Icebreaker,
Iceberg,Treacherous Tunnels (Magnet),Gouda,-,10.33%,Snow Slinger,
Iceberg,Treacherous Tunnels (Magnet),Gouda,-,10.15%,Polar Bear,
Iceberg,Treacherous Tunnels (Magnet),Gouda,-,9.86%,Incompetent Ice Climber,
Iceberg,Treacherous Tunnels (Magnet),Gouda,-,9.71%,Snow Soldier,
Iceberg,Treacherous Tunnels (Magnet),Gouda,-,0.95%,Living Salt,
Iceberg,Treacherous Tunnels (Magnet),Brie,-,30.78%,Icebreaker,7561
Iceberg,Treacherous Tunnels (Magnet),Brie,-,28.24%,Chipper,
Iceberg,Treacherous Tunnels (Magnet),Brie,-,10.33%,Snow Soldier,
Iceberg,Treacherous Tunnels (Magnet),Brie,-,10.25%,Polar Bear,
Iceberg,Treacherous Tunnels (Magnet),Brie,-,10.21%,Snow Slinger,
Iceberg,Treacherous Tunnels (Magnet),Brie,-,9.40%,Incompetent Ice Climber,
Iceberg,Treacherous Tunnels (Magnet),Brie,-,0.79%,Living Salt,
Iceberg,Brutal Bulwark,SB+,-,29.89%,Snow Slinger,84489
Iceberg,Brutal Bulwark,SB+,-,29.53%,Polar Bear,
Iceberg,Brutal Bulwark,SB+,-,24.88%,Iceblock,
Iceberg,Brutal Bulwark,SB+,-,5.02%,Yeti,
Iceberg,Brutal Bulwark,SB+,-,4.92%,Snow Bowler,
Iceberg,Brutal Bulwark,SB+,-,4.86%,Mammoth,
Iceberg,Brutal Bulwark,SB+,-,0.90%,Living Salt,
Iceberg,Brutal Bulwark,Gouda,-,29.66%,Snow Slinger,176150
Iceberg,Brutal Bulwark,Gouda,-,29.63%,Polar Bear,
Iceberg,Brutal Bulwark,Gouda,-,25.01%,Iceblock,
Iceberg,Brutal Bulwark,Gouda,-,4.98%,Mammoth,
Iceberg,Brutal Bulwark,Gouda,-,4.93%,Snow Bowler,
Iceberg,Brutal Bulwark,Gouda,-,4.90%,Yeti,
Iceberg,Brutal Bulwark,Gouda,-,0.90%,Living Salt,
Iceberg,Brutal Bulwark,Brie,-,29.97%,Polar Bear,19893
Iceberg,Brutal Bulwark,Brie,-,29.59%,Snow Slinger,
Iceberg,Brutal Bulwark,Brie,-,24.29%,Iceblock,
Iceberg,Brutal Bulwark,Brie,-,5.08%,Yeti,
Iceberg,Brutal Bulwark,Brie,-,4.96%,Mammoth,
Iceberg,Brutal Bulwark,Brie,-,4.91%,Snow Bowler,
Iceberg,Brutal Bulwark,Brie,-,1.19%,Living Salt,
Iceberg,Bombing Run,SB+,-,14.92%,Wolfskie,126853
Iceberg,Bombing Run,SB+,-,14.82%,Iceblock,
Iceberg,Bombing Run,SB+,-,14.67%,Snow Slinger,
Iceberg,Bombing Run,SB+,-,10.06%,Icebreaker,
Iceberg,Bombing Run,SB+,-,10.04%,Chipper,
Iceberg,Bombing Run,SB+,-,9.97%,Stickybomber,
Iceberg,Bombing Run,SB+,-,9.78%,Saboteur,
Iceberg,Bombing Run,SB+,-,9.77%,Heavy Blaster,
Iceberg,Bombing Run,SB+,-,5.02%,Snow Bowler,
Iceberg,Bombing Run,SB+,-,0.93%,Living Salt,
Iceberg,Bombing Run,Gouda,-,14.86%,Iceblock,263611
Iceberg,Bombing Run,Gouda,-,14.79%,Wolfskie,
Iceberg,Bombing Run,Gouda,-,14.73%,Snow Slinger,
Iceberg,Bombing Run,Gouda,-,10.13%,Icebreaker,
Iceberg,Bombing Run,Gouda,-,10.07%,Chipper,
Iceberg,Bombing Run,Gouda,-,10.01%,Saboteur,
Iceberg,Bombing Run,Gouda,-,9.83%,Stickybomber,
Iceberg,Bombing Run,Gouda,-,9.65%,Heavy Blaster,
Iceberg,Bombing Run,Gouda,-,4.98%,Snow Bowler,
Iceberg,Bombing Run,Gouda,-,0.96%,Living Salt,
Iceberg,Bombing Run,Brie,-,14.69%,Snow Slinger,33073
Iceberg,Bombing Run,Brie,-,14.56%,Wolfskie,
Iceberg,Bombing Run,Brie,-,14.38%,Iceblock,
Iceberg,Bombing Run,Brie,-,10.07%,Stickybomber,
Iceberg,Bombing Run,Brie,-,10.02%,Heavy Blaster,
Iceberg,Bombing Run,Brie,-,9.96%,Chipper,
Iceberg,Bombing Run,Brie,-,9.92%,Saboteur,
Iceberg,Bombing Run,Brie,-,9.75%,Icebreaker,
Iceberg,Bombing Run,Brie,-,4.86%,Snow Bowler,
Iceberg,Bombing Run,Brie,-,1.78%,Living Salt,
Iceberg,Bombing Run (Remote Detonator),SB+,-,20.12%,Icebreaker,3524
Iceberg,Bombing Run (Remote Detonator),SB+,-,20.12%,Chipper,
Iceberg,Bombing Run (Remote Detonator),SB+,-,10.73%,Iceblock,
Iceberg,Bombing Run (Remote Detonator),SB+,-,10.27%,Snow Slinger,
Iceberg,Bombing Run (Remote Detonator),SB+,-,9.59%,Wolfskie,
Iceberg,Bombing Run (Remote Detonator),SB+,-,9.51%,Stickybomber,
Iceberg,Bombing Run (Remote Detonator),SB+,-,9.00%,Saboteur,
Iceberg,Bombing Run (Remote Detonator),SB+,-,5.36%,Snow Bowler,
Iceberg,Bombing Run (Remote Detonator),SB+,-,5.05%,Heavy Blaster,
Iceberg,Bombing Run (Remote Detonator),SB+,-,0.26%,Living Salt,
Iceberg,Bombing Run (Remote Detonator),Gouda,-,20.27%,Chipper,13676
Iceberg,Bombing Run (Remote Detonator),Gouda,-,19.45%,Icebreaker,
Iceberg,Bombing Run (Remote Detonator),Gouda,-,10.11%,Stickybomber,
Iceberg,Bombing Run (Remote Detonator),Gouda,-,10.06%,Saboteur,
Iceberg,Bombing Run (Remote Detonator),Gouda,-,9.89%,Snow Slinger,
Iceberg,Bombing Run (Remote Detonator),Gouda,-,9.67%,Wolfskie,
Iceberg,Bombing Run (Remote Detonator),Gouda,-,9.65%,Iceblock,
Iceberg,Bombing Run (Remote Detonator),Gouda,-,5.25%,Snow Bowler,
Iceberg,Bombing Run (Remote Detonator),Gouda,-,5.02%,Heavy Blaster,
Iceberg,Bombing Run (Remote Detonator),Gouda,-,0.64%,Living Salt,
Iceberg,Bombing Run (Remote Detonator),Brie,-,20.24%,Chipper,1472
Iceberg,Bombing Run (Remote Detonator),Brie,-,19.36%,Icebreaker,
Iceberg,Bombing Run (Remote Detonator),Brie,-,10.87%,Wolfskie,
Iceberg,Bombing Run (Remote Detonator),Brie,-,10.87%,Snow Slinger,
Iceberg,Bombing Run (Remote Detonator),Brie,-,9.99%,Saboteur,
Iceberg,Bombing Run (Remote Detonator),Brie,-,8.97%,Stickybomber,
Iceberg,Bombing Run (Remote Detonator),Brie,-,8.22%,Iceblock,
Iceberg,Bombing Run (Remote Detonator),Brie,-,5.23%,Snow Bowler,
Iceberg,Bombing Run (Remote Detonator),Brie,-,5.23%,Heavy Blaster,
Iceberg,Bombing Run (Remote Detonator),Brie,-,1.02%,Living Salt,
Iceberg,The Mad Depths,SB+,-,19.70%,Wolfskie,31638
Iceberg,The Mad Depths,SB+,-,19.51%,Iceblock,
Iceberg,The Mad Depths,SB+,-,14.80%,Snowblind,
Iceberg,The Mad Depths,SB+,-,14.75%,Iceblade,
Iceberg,The Mad Depths,SB+,-,14.59%,Water Wielder,
Iceberg,The Mad Depths,SB+,-,10.70%,Chipper,
Iceberg,The Mad Depths,SB+,-,5.02%,Snow Bowler,
Iceberg,The Mad Depths,SB+,-,0.94%,Living Salt,
Iceberg,The Mad Depths,Gouda,-,19.37%,Iceblock,124358
Iceberg,The Mad Depths,Gouda,-,19.22%,Wolfskie,
Iceberg,The Mad Depths,Gouda,-,14.81%,Snowblind,
Iceberg,The Mad Depths,Gouda,-,14.73%,Water Wielder,
Iceberg,The Mad Depths,Gouda,-,14.68%,Iceblade,
Iceberg,The Mad Depths,Gouda,-,10.46%,Chipper,
Iceberg,The Mad Depths,Gouda,-,4.91%,Snow Bowler,
Iceberg,The Mad Depths,Gouda,-,1.83%,Living Salt,
Iceberg,The Mad Depths,Brie,-,18.92%,Wolfskie,10688
Iceberg,The Mad Depths,Brie,-,18.77%,Iceblock,
Iceberg,The Mad Depths,Brie,-,14.36%,Snowblind,
Iceberg,The Mad Depths,Brie,-,14.18%,Water Wielder,
Iceberg,The Mad Depths,Brie,-,14.05%,Iceblade,
Iceberg,The Mad Depths,Brie,-,9.58%,Chipper,
Iceberg,The Mad Depths,Brie,-,5.63%,Living Salt,
Iceberg,The Mad Depths,Brie,-,4.50%,Snow Bowler,
Iceberg,The Mad Depths (Hearthstone),SB+,-,24.73%,Iceblock,25868
Iceberg,The Mad Depths (Hearthstone),SB+,-,24.65%,Wolfskie,
Iceberg,The Mad Depths (Hearthstone),SB+,-,19.71%,Snowblind,
Iceberg,The Mad Depths (Hearthstone),SB+,-,14.91%,Chipper,
Iceberg,The Mad Depths (Hearthstone),SB+,-,5.15%,Water Wielder,
Iceberg,The Mad Depths (Hearthstone),SB+,-,4.87%,Iceblade,
Iceberg,The Mad Depths (Hearthstone),SB+,-,4.87%,Snow Bowler,
Iceberg,The Mad Depths (Hearthstone),SB+,-,1.10%,Living Salt,
Iceberg,The Mad Depths (Hearthstone),Gouda,-,24.68%,Wolfskie,52305
Iceberg,The Mad Depths (Hearthstone),Gouda,-,24.43%,Iceblock,
Iceberg,The Mad Depths (Hearthstone),Gouda,-,19.78%,Snowblind,
Iceberg,The Mad Depths (Hearthstone),Gouda,-,14.82%,Chipper,
Iceberg,The Mad Depths (Hearthstone),Gouda,-,5.07%,Iceblade,
Iceberg,The Mad Depths (Hearthstone),Gouda,-,4.95%,Water Wielder,
Iceberg,The Mad Depths (Hearthstone),Gouda,-,4.91%,Snow Bowler,
Iceberg,The Mad Depths (Hearthstone),Gouda,-,1.36%,Living Salt,
Iceberg,The Mad Depths (Hearthstone),Brie,-,24.66%,Wolfskie,3130
Iceberg,The Mad Depths (Hearthstone),Brie,-,24.09%,Iceblock,
Iceberg,The Mad Depths (Hearthstone),Brie,-,20.03%,Snowblind,
Iceberg,The Mad Depths (Hearthstone),Brie,-,14.47%,Chipper,
Iceberg,The Mad Depths (Hearthstone),Brie,-,5.02%,Water Wielder,
Iceberg,The Mad Depths (Hearthstone),Brie,-,4.86%,Iceblade,
Iceberg,The Mad Depths (Hearthstone),Brie,-,4.35%,Snow Bowler,
Iceberg,The Mad Depths (Hearthstone),Brie,-,2.52%,Living Salt,
Iceberg,The Mad Depths (Magnet),SB+,-,20.40%,Wolfskie,4019
Iceberg,The Mad Depths (Magnet),SB+,-,20.30%,Iceblock,
Iceberg,The Mad Depths (Magnet),SB+,-,15.25%,Water Wielder,
Iceberg,The Mad Depths (Magnet),SB+,-,14.93%,Iceblade,
Iceberg,The Mad Depths (Magnet),SB+,-,14.43%,Snowblind,
Iceberg,The Mad Depths (Magnet),SB+,-,9.38%,Chipper,
Iceberg,The Mad Depths (Magnet),SB+,-,4.78%,Snow Bowler,
Iceberg,The Mad Depths (Magnet),SB+,-,0.52%,Living Salt,
Iceberg,The Mad Depths (Magnet),Gouda,-,20.22%,Wolfskie,14750
Iceberg,The Mad Depths (Magnet),Gouda,-,19.29%,Iceblock,
Iceberg,The Mad Depths (Magnet),Gouda,-,14.99%,Iceblade,
Iceberg,The Mad Depths (Magnet),Gouda,-,14.80%,Snowblind,
Iceberg,The Mad Depths (Magnet),Gouda,-,14.55%,Water Wielder,
Iceberg,The Mad Depths (Magnet),Gouda,-,9.66%,Chipper,
Iceberg,The Mad Depths (Magnet),Gouda,-,4.98%,Snow Bowler,
Iceberg,The Mad Depths (Magnet),Gouda,-,1.51%,Living Salt,
Iceberg,The Mad Depths (Magnet),Brie,-,20.73%,Wolfskie,1042
Iceberg,The Mad Depths (Magnet),Brie,-,17.95%,Iceblock,
Iceberg,The Mad Depths (Magnet),Brie,-,15.83%,Water Wielder,
Iceberg,The Mad Depths (Magnet),Brie,-,14.68%,Snowblind,
Iceberg,The Mad Depths (Magnet),Brie,-,14.59%,Iceblade,
Iceberg,The Mad Depths (Magnet),Brie,-,8.64%,Chipper,
Iceberg,The Mad Depths (Magnet),Brie,-,5.57%,Snow Bowler,
Iceberg,The Mad Depths (Magnet),Brie,-,2.02%,Living Salt,
Iceberg,Generals,SB+,-,31.50%,Lady Coldsnap,21791
Iceberg,Generals,SB+,-,31.01%,Princess Fist,
Iceberg,Generals,SB+,-,29.53%,Lord Splodington,
Iceberg,Generals,SB+,-,7.96%,General Drheller,
Iceberg,Generals,Gouda,-,32.10%,Lady Coldsnap,50163
Iceberg,Generals,Gouda,-,31.92%,Princess Fist,
Iceberg,Generals,Gouda,-,31.61%,Lord Splodington,
Iceberg,Generals,Gouda,-,4.37%,General Drheller,
Iceberg,Generals,Brie,-,33.40%,Princess Fist,13540
Iceberg,Generals,Brie,-,31.97%,Lord Splodington,
Iceberg,Generals,Brie,-,31.87%,Lady Coldsnap,
Iceberg,Generals,Brie,-,2.75%,General Drheller,
Iceberg,Icewing's Lair,SB+,-,67.59%,Frostlance Guard,18935
Iceberg,Icewing's Lair,SB+,-,29.69%,Icewing,
Iceberg,Icewing's Lair,SB+,-,2.72%,Frostwing Commander,
Iceberg,Icewing's Lair,Gouda,-,67.86%,Frostlance Guard,22534
Iceberg,Icewing's Lair,Gouda,-,26.63%,Icewing,
Iceberg,Icewing's Lair,Gouda,-,5.52%,Frostwing Commander,
Iceberg,Icewing's Lair,Brie,-,70.50%,Frostlance Guard,1715
Iceberg,Icewing's Lair,Brie,-,21.17%,Icewing,
Iceberg,Icewing's Lair,Brie,-,8.34%,Frostwing Commander,
Iceberg,Hidden Depths,SB+,-,35.06%,Living Salt,17802
Iceberg,Hidden Depths,SB+,-,35.06%,Frostwing Commander,
Iceberg,Hidden Depths,SB+,-,29.87%,Frostlance Guard,
Iceberg,Hidden Depths,Gouda,-,35.02%,Frostwing Commander,3144
Iceberg,Hidden Depths,Gouda,-,34.13%,Living Salt,
Iceberg,Hidden Depths,Gouda,-,30.85%,Frostlance Guard,
Iceberg,The Deep Lair,SB+/Gouda/Brie,-,100.00%,Deep,
Jungle of Dread,-,Pungent Havarti,-,100.00%,Chitinous,
Jungle of Dread,-,Crunchy Havarti,-,100.00%,Fetid Swamp,
Jungle of Dread,-,Creamy Havarti,-,100.00%,Jurassic,
Jungle of Dread,-,Spicy Havarti,-,100.00%,Magma Carrier,
Jungle of Dread,-,Sweet Havarti,-,100.00%,Primal,
Jungle of Dread,-,Magical Havarti,-,100.00%,Stonework Warrior,
Jungle of Dread,-,SB+,-,90.35%,Swarm of Pygmy Mice,26438
Jungle of Dread,-,SB+,-,9.65%,Pygmy Wrangler,
Jungle of Dread,-,Gouda,-,87.20%,Swarm of Pygmy Mice,52515
Jungle of Dread,-,Gouda,-,9.86%,Sylvan,
Jungle of Dread,-,Gouda,-,2.95%,Pygmy Wrangler,
Jungle of Dread,-,Brie,-,93.33%,Sylvan,1694
Jungle of Dread,-,Brie,-,6.67%,Swarm of Pygmy Mice,
King's Arms,-,Gilded,-,20.64%,Burglar,6910
King's Arms,-,Gilded,-,17.29%,Master Burglar,
King's Arms,-,Gilded,-,8.77%,Dwarf,
King's Arms,-,Gilded,-,8.44%,Pugilist,
King's Arms,-,Gilded,-,8.41%,Scruffy,
King's Arms,-,Gilded,-,5.63%,Gold,
King's Arms,-,Gilded,-,5.47%,Longtail,
King's Arms,-,Gilded,-,5.37%,White,
King's Arms,-,Gilded,-,5.17%,Diamond,
King's Arms,-,Gilded,-,4.99%,Spotted,
King's Arms,-,Gilded,-,4.93%,Brown,
King's Arms,-,Gilded,-,4.89%,Grey,
King's Arms,-,SB+,-,7.63%,Pugilist,26074
King's Arms,-,SB+,-,7.54%,Dwarf,
King's Arms,-,SB+,-,7.50%,Flying,
King's Arms,-,SB+,-,7.48%,Scruffy,
King's Arms,-,SB+,-,7.21%,Speedy,
King's Arms,-,SB+,-,6.19%,Master Burglar,
King's Arms,-,SB+,-,4.93%,White,
King's Arms,-,SB+,-,4.85%,Silvertail,
King's Arms,-,SB+,-,4.77%,Gold,
King's Arms,-,SB+,-,4.74%,Brown,
King's Arms,-,SB+,-,4.72%,Tiny,
King's Arms,-,SB+,-,4.71%,Magic,
King's Arms,-,SB+,-,4.69%,Spotted,
King's Arms,-,SB+,-,4.69%,Burglar,
King's Arms,-,SB+,-,4.64%,Grey,
King's Arms,-,SB+,-,4.63%,Diamond,
King's Arms,-,SB+,-,4.61%,Longtail,
King's Arms,-,SB+,-,3.57%,Nibbler,
King's Arms,-,SB+,-,0.90%,Black Widow,
King's Arms,-,Gouda,-,13.73%,Dwarf,3335
King's Arms,-,Gouda,-,12.26%,Pugilist,
King's Arms,-,Gouda,-,11.87%,Scruffy,
King's Arms,-,Gouda,-,9.18%,Diamond,
King's Arms,-,Gouda,-,8.52%,Grey,
King's Arms,-,Gouda,-,8.46%,White,
King's Arms,-,Gouda,-,8.46%,Longtail,
King's Arms,-,Gouda,-,8.40%,Gold,
King's Arms,-,Gouda,-,7.83%,Spotted,
King's Arms,-,Gouda,-,7.83%,Brown,
King's Arms,-,Gouda,-,1.80%,Flying,
King's Arms,-,Gouda,-,1.68%,Speedy,
King's Arms,-,Brie,-,12.69%,Dwarf,5468
King's Arms,-,Brie,-,12.27%,Scruffy,
King's Arms,-,Brie,-,11.25%,Pugilist,
King's Arms,-,Brie,-,7.85%,Gold,
King's Arms,-,Brie,-,7.75%,White,
King's Arms,-,Brie,-,7.74%,Spotted,
King's Arms,-,Brie,-,7.68%,Brown,
King's Arms,-,Brie,-,7.64%,Diamond,
King's Arms,-,Brie,-,7.46%,Burglar,
King's Arms,-,Brie,-,7.43%,Longtail,
King's Arms,-,Brie,-,7.37%,Grey,
King's Arms,-,Brie,-,1.63%,Speedy,
King's Arms,-,Brie,-,1.24%,Flying,
King's Arms,-,Swiss/Marble/Mozzarella/Cheddar,-,16.34%,Scruffy,906
King's Arms,-,Swiss/Marble/Mozzarella/Cheddar,-,12.47%,Dwarf,
King's Arms,-,Swiss/Marble/Mozzarella/Cheddar,-,12.14%,Pugilist,
King's Arms,-,Swiss/Marble/Mozzarella/Cheddar,-,10.15%,Spotted,
King's Arms,-,Swiss/Marble/Mozzarella/Cheddar,-,9.71%,Grey,
King's Arms,-,Swiss/Marble/Mozzarella/Cheddar,-,9.27%,Brown,
King's Arms,-,Swiss/Marble/Mozzarella/Cheddar,-,8.06%,Longtail,
King's Arms,-,Swiss/Marble/Mozzarella/Cheddar,-,7.95%,Diamond,
King's Arms,-,Swiss/Marble/Mozzarella/Cheddar,-,7.40%,Gold,
King's Arms,-,Swiss/Marble/Mozzarella/Cheddar,-,6.51%,White,
King's Arms,-,White Cheddar,-,18.42%,Pugilist,2367
King's Arms,-,White Cheddar,-,17.07%,Scruffy,
King's Arms,-,White Cheddar,-,16.73%,Dwarf,
King's Arms,-,White Cheddar,-,12.80%,Spotted,
King's Arms,-,White Cheddar,-,12.46%,Longtail,
King's Arms,-,White Cheddar,-,11.74%,Diamond,
King's Arms,-,White Cheddar,-,10.77%,Gold,
King's Gauntlet,Tier 1,SB+,-,24.30%,Wound Up White,8782
King's Gauntlet,Tier 1,SB+,-,22.83%,Hapless Marionette,
King's Gauntlet,Tier 1,SB+,-,22.65%,Toy Sylvan,
King's Gauntlet,Tier 1,SB+,-,14.11%,Clockwork Samurai,
King's Gauntlet,Tier 1,SB+,-,13.97%,Sock Puppet Ghost,
King's Gauntlet,Tier 1,SB+,-,2.14%,Puppet Master,
King's Gauntlet,Tier 1,Gouda,-,24.24%,Wound Up White,14053
King's Gauntlet,Tier 1,Gouda,-,23.11%,Hapless Marionette,
King's Gauntlet,Tier 1,Gouda,-,22.34%,Toy Sylvan,
King's Gauntlet,Tier 1,Gouda,-,14.27%,Clockwork Samurai,
King's Gauntlet,Tier 1,Gouda,-,13.93%,Sock Puppet Ghost,
King's Gauntlet,Tier 1,Gouda,-,2.13%,Puppet Master,
King's Gauntlet,Tier 1,Brie,-,23.79%,Wound Up White,39199
King's Gauntlet,Tier 1,Brie,-,23.43%,Hapless Marionette,
King's Gauntlet,Tier 1,Brie,-,22.88%,Toy Sylvan,
King's Gauntlet,Tier 1,Brie,-,14.13%,Clockwork Samurai,
King's Gauntlet,Tier 1,Brie,-,13.80%,Sock Puppet Ghost,
King's Gauntlet,Tier 1,Brie,-,1.97%,Puppet Master,
King's Gauntlet,Tier 1,Swiss,-,24.08%,Wound Up White,30107
King's Gauntlet,Tier 1,Swiss,-,23.20%,Toy Sylvan,
King's Gauntlet,Tier 1,Swiss,-,22.43%,Hapless Marionette,
King's Gauntlet,Tier 1,Swiss,-,14.30%,Sock Puppet Ghost,
King's Gauntlet,Tier 1,Swiss,-,14.09%,Clockwork Samurai,
King's Gauntlet,Tier 1,Swiss,-,1.89%,Puppet Master,
King's Gauntlet,Tier 1,Marble/Mozzarella,-,24.41%,Wound Up White,5646
King's Gauntlet,Tier 1,Marble/Mozzarella,-,23.36%,Toy Sylvan,
King's Gauntlet,Tier 1,Marble/Mozzarella,-,22.65%,Hapless Marionette,
King's Gauntlet,Tier 1,Marble/Mozzarella,-,13.90%,Clockwork Samurai,
King's Gauntlet,Tier 1,Marble/Mozzarella,-,13.58%,Sock Puppet Ghost,
King's Gauntlet,Tier 1,Marble/Mozzarella,-,2.09%,Puppet Master,
King's Gauntlet,Tier 1,Cheddar,-,24.95%,Toy Sylvan,1399
King's Gauntlet,Tier 1,Cheddar,-,23.45%,Wound Up White,
King's Gauntlet,Tier 1,Cheddar,-,22.73%,Hapless Marionette,
King's Gauntlet,Tier 1,Cheddar,-,14.51%,Clockwork Samurai,
King's Gauntlet,Tier 1,Cheddar,-,12.01%,Sock Puppet Ghost,
King's Gauntlet,Tier 1,Cheddar,-,2.36%,Puppet Master,
King's Gauntlet,Tier 2,Tier 2,-,20.12%,Lockpick,301922
King's Gauntlet,Tier 2,Tier 2,-,19.98%,Bandit,
King's Gauntlet,Tier 2,Tier 2,-,19.97%,Impersonator,
King's Gauntlet,Tier 2,Tier 2,-,18.99%,Stealth,
King's Gauntlet,Tier 2,Tier 2,-,15.95%,Escape Artist,
King's Gauntlet,Tier 2,Tier 2,-,4.98%,Rogue,
King's Gauntlet,Tier 3,Tier 3,-,20.07%,Page,335611
King's Gauntlet,Tier 3,Tier 3,-,20.02%,Phalanx,
King's Gauntlet,Tier 3,Tier 3,-,19.99%,Knight,
King's Gauntlet,Tier 3,Tier 3,-,19.94%,Berserker,
King's Gauntlet,Tier 3,Tier 3,-,9.99%,Cavalier,
King's Gauntlet,Tier 3,Tier 3,-,9.98%,Fencer,
King's Gauntlet,Tier 4,Tier 4,-,23.09%,Cowbell,180963
King's Gauntlet,Tier 4,Tier 4,-,22.83%,Guqin Player,
King's Gauntlet,Tier 4,Tier 4,-,22.09%,Drummer,
King's Gauntlet,Tier 4,Tier 4,-,21.92%,Fiddler,
King's Gauntlet,Tier 4,Tier 4,-,10.07%,Dancer,
King's Gauntlet,Tier 5,Tier 5,-,23.13%,Terra,111114
King's Gauntlet,Tier 5,Tier 5,-,22.91%,Aquos,
King's Gauntlet,Tier 5,Tier 5,-,22.09%,Ignis,
King's Gauntlet,Tier 5,Tier 5,-,21.96%,Zephyr,
King's Gauntlet,Tier 5,Tier 5,-,9.91%,Black Mage,
King's Gauntlet,Tier 6,Tier 6,-,40.01%,Sacred Shrine,53825
King's Gauntlet,Tier 6,Tier 6,-,39.92%,White Mage,
King's Gauntlet,Tier 6,Tier 6,-,20.07%,Paladin,
King's Gauntlet,Tier 7,Tier 7,-,80.29%,Fiend,16599
King's Gauntlet,Tier 7,Tier 7,-,19.71%,Necromancer,
King's Gauntlet,Tier 8,Tier 8,-,100.00%,Eclipse,
Laboratory,-,SB+,-,22.67%,Granite,6951
Laboratory,-,SB+,-,22.31%,Steel,
Laboratory,-,SB+,-,20.73%,Bionic,
Laboratory,-,SB+,-,7.39%,Mutated Grey,
Laboratory,-,SB+,-,7.35%,Mutated White,
Laboratory,-,SB+,-,5.64%,Burglar,
Laboratory,-,SB+,-,4.59%,Dwarf,
Laboratory,-,SB+,-,4.06%,Zombie,
Laboratory,-,SB+,-,3.64%,Mutated Brown,
Laboratory,-,SB+,-,1.02%,Monster,
Laboratory,-,SB+,-,0.59%,Black Widow,
Laboratory,-,Gouda,-,24.44%,Steel,14125
Laboratory,-,Gouda,-,24.15%,Granite,
Laboratory,-,Gouda,-,22.21%,Bionic,
Laboratory,-,Gouda,-,7.97%,Mutated Grey,
Laboratory,-,Gouda,-,7.82%,Mutated White,
Laboratory,-,Gouda,-,5.12%,Dwarf,
Laboratory,-,Gouda,-,4.42%,Zombie,
Laboratory,-,Gouda,-,3.87%,Mutated Brown,
Laboratory,-,Brie,-,23.64%,Steel,62612
Laboratory,-,Brie,-,23.59%,Granite,
Laboratory,-,Brie,-,21.58%,Bionic,
Laboratory,-,Brie,-,7.61%,Mutated Grey,
Laboratory,-,Brie,-,7.47%,Mutated White,
Laboratory,-,Brie,-,4.84%,Dwarf,
Laboratory,-,Brie,-,4.34%,Zombie,
Laboratory,-,Brie,-,3.73%,Mutated Brown,
Laboratory,-,Brie,-,3.22%,Burglar,
Laboratory,-,Swiss,-,24.56%,Granite,15383
Laboratory,-,Swiss,-,24.20%,Steel,
Laboratory,-,Swiss,-,22.27%,Bionic,
Laboratory,-,Swiss,-,7.79%,Mutated Grey,
Laboratory,-,Swiss,-,7.61%,Mutated White,
Laboratory,-,Swiss,-,5.23%,Dwarf,
Laboratory,-,Swiss,-,4.49%,Zombie,
Laboratory,-,Swiss,-,3.84%,Mutated Brown,
Laboratory,-,Marble/Mozzarella,-,25.07%,Steel,1121
Laboratory,-,Marble/Mozzarella,-,24.17%,Granite,
Laboratory,-,Marble/Mozzarella,-,22.48%,Bionic,
Laboratory,-,Marble/Mozzarella,-,8.30%,Mutated White,
Laboratory,-,Marble/Mozzarella,-,5.80%,Mutated Grey,
Laboratory,-,Marble/Mozzarella,-,5.62%,Dwarf,
Laboratory,-,Marble/Mozzarella,-,4.28%,Zombie,
Laboratory,-,Marble/Mozzarella,-,4.28%,Mutated Brown,
Laboratory,-,Cheddar/White Cheddar,-,24.18%,Granite,637
Laboratory,-,Cheddar/White Cheddar,-,23.55%,Steel,
Laboratory,-,Cheddar/White Cheddar,-,23.55%,Bionic,
Laboratory,-,Cheddar/White Cheddar,-,7.06%,Mutated White,
Laboratory,-,Cheddar/White Cheddar,-,6.12%,Mutated Grey,
Laboratory,-,Cheddar/White Cheddar,-,5.81%,Dwarf,
Laboratory,-,Cheddar/White Cheddar,-,5.65%,Zombie,
Laboratory,-,Cheddar/White Cheddar,-,4.08%,Mutated Brown,
Laboratory,-,Rancid Radioactive Blue,-,23.55%,Monster,14167
Laboratory,-,Rancid Radioactive Blue,-,20.05%,Granite,
Laboratory,-,Rancid Radioactive Blue,-,18.80%,Steel,
Laboratory,-,Rancid Radioactive Blue,-,18.42%,Bionic,
Laboratory,-,Rancid Radioactive Blue,-,10.44%,Zombie,
Laboratory,-,Rancid Radioactive Blue,-,2.58%,Mutated Grey,
Laboratory,-,Rancid Radioactive Blue,-,2.57%,Mutated White,
Laboratory,-,Rancid Radioactive Blue,-,2.43%,Mutated Brown,
Laboratory,-,Rancid Radioactive Blue,-,1.16%,Black Widow,
Laboratory,-,Radioactive Blue,-,21.68%,Steel,56410
Laboratory,-,Radioactive Blue,-,21.44%,Granite,
Laboratory,-,Radioactive Blue,-,19.29%,Bionic,
Laboratory,-,Radioactive Blue,-,9.78%,Monster,
Laboratory,-,Radioactive Blue,-,8.14%,Zombie,
Laboratory,-,Radioactive Blue,-,7.25%,Mutated Grey,
Laboratory,-,Radioactive Blue,-,7.22%,Mutated White,
Laboratory,-,Radioactive Blue,-,3.39%,Mutated Brown,
Laboratory,-,Radioactive Blue,-,1.80%,Dwarf,
Labyrinth,Intersection,Glowing Gruyere,-,43.31%,Lost Legionnaire,4650
Labyrinth,Intersection,Glowing Gruyere,-,39.97%,Lost,
Labyrinth,Intersection,Glowing Gruyere,-,16.72%,Corridor Bruiser,
Labyrinth,Intersection,SB+/Gouda/Brie,-,39.67%,Lost Legionnaire,7450
Labyrinth,Intersection,SB+/Gouda/Brie,-,35.41%,Lost,
Labyrinth,Intersection,SB+/Gouda/Brie,-,13.84%,Corridor Bruiser,
Labyrinth,Intersection,SB+/Gouda/Brie,-,11.09%,Shadow Stalker,
Labyrinth,Plain Fealty,Glowing Gruyere,-,26.16%,Drudge,34050
Labyrinth,Plain Fealty,Glowing Gruyere,-,22.68%,Masked Pikeman,
Labyrinth,Plain Fealty,Glowing Gruyere,-,17.89%,Corridor Bruiser,
Labyrinth,Plain Fealty,Glowing Gruyere,-,15.78%,Lost Legionnaire,
Labyrinth,Plain Fealty,Glowing Gruyere,-,15.58%,Lost,
Labyrinth,Plain Fealty,Glowing Gruyere,-,1.92%,Reanimated Carver,
Labyrinth,Plain Fealty,SB+/Gouda/Brie,-,21.07%,Drudge,33550
Labyrinth,Plain Fealty,SB+/Gouda/Brie,-,18.96%,Shadow Stalker,
Labyrinth,Plain Fealty,SB+/Gouda/Brie,-,18.47%,Masked Pikeman,
Labyrinth,Plain Fealty,SB+/Gouda/Brie,-,14.78%,Corridor Bruiser,
Labyrinth,Plain Fealty,SB+/Gouda/Brie,-,12.63%,Lost Legionnaire,
Labyrinth,Plain Fealty,SB+/Gouda/Brie,-,12.37%,Lost,
Labyrinth,Plain Fealty,SB+/Gouda/Brie,-,1.71%,Reanimated Carver,
Labyrinth,Plain Tech,Glowing Gruyere,-,26.94%,RR-8,32850
Labyrinth,Plain Tech,Glowing Gruyere,-,22.53%,Ash Golem,
Labyrinth,Plain Tech,Glowing Gruyere,-,17.99%,Corridor Bruiser,
Labyrinth,Plain Tech,Glowing Gruyere,-,15.49%,Lost Legionnaire,
Labyrinth,Plain Tech,Glowing Gruyere,-,15.13%,Lost,
Labyrinth,Plain Tech,Glowing Gruyere,-,1.91%,Reanimated Carver,
Labyrinth,Plain Tech,SB+/Gouda/Brie,-,21.59%,RR-8,31050
Labyrinth,Plain Tech,SB+/Gouda/Brie,-,18.73%,Shadow Stalker,
Labyrinth,Plain Tech,SB+/Gouda/Brie,-,17.99%,Ash Golem,
Labyrinth,Plain Tech,SB+/Gouda/Brie,-,14.80%,Corridor Bruiser,
Labyrinth,Plain Tech,SB+/Gouda/Brie,-,12.81%,Lost,
Labyrinth,Plain Tech,SB+/Gouda/Brie,-,12.53%,Lost Legionnaire,
Labyrinth,Plain Tech,SB+/Gouda/Brie,-,1.55%,Reanimated Carver,
Labyrinth,Plain Scholar,Glowing Gruyere,-,26.55%,Summoning Scholar,30750
Labyrinth,Plain Scholar,Glowing Gruyere,-,22.39%,Sanguinarian,
Labyrinth,Plain Scholar,Glowing Gruyere,-,18.29%,Corridor Bruiser,
Labyrinth,Plain Scholar,Glowing Gruyere,-,15.69%,Lost Legionnaire,
Labyrinth,Plain Scholar,Glowing Gruyere,-,14.97%,Lost,
Labyrinth,Plain Scholar,Glowing Gruyere,-,2.12%,Reanimated Carver,
Labyrinth,Plain Scholar,SB+/Gouda/Brie,-,21.34%,Summoning Scholar,30200
Labyrinth,Plain Scholar,SB+/Gouda/Brie,-,19.04%,Shadow Stalker,
Labyrinth,Plain Scholar,SB+/Gouda/Brie,-,18.26%,Sanguinarian,
Labyrinth,Plain Scholar,SB+/Gouda/Brie,-,14.73%,Corridor Bruiser,
Labyrinth,Plain Scholar,SB+/Gouda/Brie,-,12.55%,Lost,
Labyrinth,Plain Scholar,SB+/Gouda/Brie,-,12.46%,Lost Legionnaire,
Labyrinth,Plain Scholar,SB+/Gouda/Brie,-,1.63%,Reanimated Carver,
Labyrinth,Plain Treasury,Glowing Gruyere,-,27.62%,Hired Eidolon,12900
Labyrinth,Plain Treasury,Glowing Gruyere,-,21.81%,Mimic,
Labyrinth,Plain Treasury,Glowing Gruyere,-,20.55%,Lost Legionnaire,
Labyrinth,Plain Treasury,Glowing Gruyere,-,14.93%,Lost,
Labyrinth,Plain Treasury,Glowing Gruyere,-,13.27%,Corridor Bruiser,
Labyrinth,Plain Treasury,Glowing Gruyere,-,1.83%,Reanimated Carver,
Labyrinth,Plain Treasury,SB+/Gouda/Brie,-,23.29%,Hired Eidolon,11550
Labyrinth,Plain Treasury,SB+/Gouda/Brie,-,18.55%,Mimic,
Labyrinth,Plain Treasury,SB+/Gouda/Brie,-,17.90%,Lost Legionnaire,
Labyrinth,Plain Treasury,SB+/Gouda/Brie,-,14.73%,Shadow Stalker,
Labyrinth,Plain Treasury,SB+/Gouda/Brie,-,13.03%,Lost,
Labyrinth,Plain Treasury,SB+/Gouda/Brie,-,11.05%,Corridor Bruiser,
Labyrinth,Plain Treasury,SB+/Gouda/Brie,-,1.45%,Reanimated Carver,
Labyrinth,Plain Farming,Glowing Gruyere,-,31.36%,Mush Monster,14400
Labyrinth,Plain Farming,Glowing Gruyere,-,20.52%,Lost Legionnaire,
Labyrinth,Plain Farming,Glowing Gruyere,-,20.03%,Lost,
Labyrinth,Plain Farming,Glowing Gruyere,-,17.75%,Mushroom Harvester,
Labyrinth,Plain Farming,Glowing Gruyere,-,5.17%,Corridor Bruiser,
Labyrinth,Plain Farming,Glowing Gruyere,-,5.17%,Reanimated Carver,
Labyrinth,Plain Farming,SB+/Gouda/Brie,-,27.91%,Mush Monster,30300
Labyrinth,Plain Farming,SB+/Gouda/Brie,-,18.29%,Lost,
Labyrinth,Plain Farming,SB+/Gouda/Brie,-,17.69%,Lost Legionnaire,
Labyrinth,Plain Farming,SB+/Gouda/Brie,-,16.94%,Mushroom Harvester,
Labyrinth,Plain Farming,SB+/Gouda/Brie,-,10.09%,Shadow Stalker,
Labyrinth,Plain Farming,SB+/Gouda/Brie,-,4.57%,Corridor Bruiser,
Labyrinth,Plain Farming,SB+/Gouda/Brie,-,4.51%,Reanimated Carver,
Labyrinth,Superior Fealty,Glowing Gruyere,-,26.42%,Drudge,14700
Labyrinth,Superior Fealty,Glowing Gruyere,-,22.74%,Masked Pikeman,
Labyrinth,Superior Fealty,Glowing Gruyere,-,12.23%,Solemn Soldier,
Labyrinth,Superior Fealty,Glowing Gruyere,-,10.27%,Corridor Bruiser,
Labyrinth,Superior Fealty,Glowing Gruyere,-,9.16%,Lost Legionnaire,
Labyrinth,Superior Fealty,Glowing Gruyere,-,8.53%,Lost,
Labyrinth,Superior Fealty,Glowing Gruyere,-,7.77%,Mind Tearer,
Labyrinth,Superior Fealty,Glowing Gruyere,-,2.88%,Reanimated Carver,
Labyrinth,Superior Fealty,SB+/Gouda/Brie,-,22.31%,Drudge,6150
Labyrinth,Superior Fealty,SB+/Gouda/Brie,-,18.99%,Masked Pikeman,
Labyrinth,Superior Fealty,SB+/Gouda/Brie,-,16.09%,Shadow Stalker,
Labyrinth,Superior Fealty,SB+/Gouda/Brie,-,9.97%,Solemn Soldier,
Labyrinth,Superior Fealty,SB+/Gouda/Brie,-,8.33%,Corridor Bruiser,
Labyrinth,Superior Fealty,SB+/Gouda/Brie,-,8.22%,Lost Legionnaire,
Labyrinth,Superior Fealty,SB+/Gouda/Brie,-,7.24%,Lost,
Labyrinth,Superior Fealty,SB+/Gouda/Brie,-,6.35%,Mind Tearer,
Labyrinth,Superior Fealty,SB+/Gouda/Brie,-,2.49%,Reanimated Carver,
Labyrinth,Superior Tech,Glowing Gruyere,-,26.65%,RR-8,14500
Labyrinth,Superior Tech,Glowing Gruyere,-,22.59%,Ash Golem,
Labyrinth,Superior Tech,Glowing Gruyere,-,12.10%,Tech Golem,
Labyrinth,Superior Tech,Glowing Gruyere,-,9.74%,Lost Legionnaire,
Labyrinth,Superior Tech,Glowing Gruyere,-,9.69%,Corridor Bruiser,
Labyrinth,Superior Tech,Glowing Gruyere,-,8.70%,Lost,
Labyrinth,Superior Tech,Glowing Gruyere,-,7.55%,Automated Stone Sentry,
Labyrinth,Superior Tech,Glowing Gruyere,-,2.98%,Reanimated Carver,
Labyrinth,Superior Tech,SB+/Gouda/Brie,-,22.71%,RR-8,5250
Labyrinth,Superior Tech,SB+/Gouda/Brie,-,19.58%,Ash Golem,
Labyrinth,Superior Tech,SB+/Gouda/Brie,-,15.79%,Shadow Stalker,
Labyrinth,Superior Tech,SB+/Gouda/Brie,-,9.32%,Tech Golem,
Labyrinth,Superior Tech,SB+/Gouda/Brie,-,8.36%,Corridor Bruiser,
Labyrinth,Superior Tech,SB+/Gouda/Brie,-,7.86%,Lost Legionnaire,
Labyrinth,Superior Tech,SB+/Gouda/Brie,-,6.97%,Lost,
Labyrinth,Superior Tech,SB+/Gouda/Brie,-,6.95%,Automated Stone Sentry,
Labyrinth,Superior Tech,SB+/Gouda/Brie,-,2.46%,Reanimated Carver,
Labyrinth,Superior Scholar,Glowing Gruyere,-,26.86%,Summoning Scholar,14350
Labyrinth,Superior Scholar,Glowing Gruyere,-,22.41%,Sanguinarian,
Labyrinth,Superior Scholar,Glowing Gruyere,-,12.41%,Mystic Guardian,
Labyrinth,Superior Scholar,Glowing Gruyere,-,10.40%,Corridor Bruiser,
Labyrinth,Superior Scholar,Glowing Gruyere,-,9.03%,Lost Legionnaire,
Labyrinth,Superior Scholar,Glowing Gruyere,-,8.16%,Lost,
Labyrinth,Superior Scholar,Glowing Gruyere,-,7.68%,Mystic Herald,
Labyrinth,Superior Scholar,Glowing Gruyere,-,3.05%,Reanimated Carver,
Labyrinth,Superior Scholar,SB+/Gouda/Brie,-,22.45%,Summoning Scholar,5000
Labyrinth,Superior Scholar,SB+/Gouda/Brie,-,19.15%,Sanguinarian,
Labyrinth,Superior Scholar,SB+/Gouda/Brie,-,15.94%,Shadow Stalker,
Labyrinth,Superior Scholar,SB+/Gouda/Brie,-,9.42%,Mystic Guardian,
Labyrinth,Superior Scholar,SB+/Gouda/Brie,-,8.60%,Corridor Bruiser,
Labyrinth,Superior Scholar,SB+/Gouda/Brie,-,7.81%,Lost Legionnaire,
Labyrinth,Superior Scholar,SB+/Gouda/Brie,-,7.02%,Mystic Herald,
Labyrinth,Superior Scholar,SB+/Gouda/Brie,-,7.02%,Lost,
Labyrinth,Superior Scholar,SB+/Gouda/Brie,-,2.57%,Reanimated Carver,
Labyrinth,Superior Treasury,Glowing Gruyere,-,29.92%,Mimic,3600
Labyrinth,Superior Treasury,Glowing Gruyere,-,19.60%,Hired Eidolon,
Labyrinth,Superior Treasury,Glowing Gruyere,-,15.81%,Treasure Brawler,
Labyrinth,Superior Treasury,Glowing Gruyere,-,12.13%,Lost Legionnaire,
Labyrinth,Superior Treasury,Glowing Gruyere,-,11.91%,Lost,
Labyrinth,Superior Treasury,Glowing Gruyere,-,7.64%,Corridor Bruiser,
Labyrinth,Superior Treasury,Glowing Gruyere,-,2.98%,Reanimated Carver,
Labyrinth,Superior Treasury,SB+/Gouda/Brie,-,26.19%,Mimic,8363
Labyrinth,Superior Treasury,SB+/Gouda/Brie,-,17.59%,Hired Eidolon,
Labyrinth,Superior Treasury,SB+/Gouda/Brie,-,12.71%,Treasure Brawler,
Labyrinth,Superior Treasury,SB+/Gouda/Brie,-,12.20%,Shadow Stalker,
Labyrinth,Superior Treasury,SB+/Gouda/Brie,-,10.75%,Lost Legionnaire,
Labyrinth,Superior Treasury,SB+/Gouda/Brie,-,10.55%,Lost,
Labyrinth,Superior Treasury,SB+/Gouda/Brie,-,7.00%,Corridor Bruiser,
Labyrinth,Superior Treasury,SB+/Gouda/Brie,-,3.03%,Reanimated Carver,
Labyrinth,Superior Farming,Glowing Gruyere,-,27.62%,Mushroom Harvester,4700
Labyrinth,Superior Farming,Glowing Gruyere,-,25.55%,Nightshade Nanny,
Labyrinth,Superior Farming,Glowing Gruyere,-,19.61%,Mush Monster,
Labyrinth,Superior Farming,Glowing Gruyere,-,10.13%,Lost Legionnaire,
Labyrinth,Superior Farming,Glowing Gruyere,-,8.51%,Lost,
Labyrinth,Superior Farming,Glowing Gruyere,-,5.37%,Reanimated Carver,
Labyrinth,Superior Farming,Glowing Gruyere,-,3.21%,Corridor Bruiser,
Labyrinth,Superior Farming,SB+/Gouda/Brie,-,26.16%,Mushroom Harvester,3900
Labyrinth,Superior Farming,SB+/Gouda/Brie,-,24.58%,Nightshade Nanny,
Labyrinth,Superior Farming,SB+/Gouda/Brie,-,18.88%,Mush Monster,
Labyrinth,Superior Farming,SB+/Gouda/Brie,-,9.92%,Lost Legionnaire,
Labyrinth,Superior Farming,SB+/Gouda/Brie,-,7.76%,Lost,
Labyrinth,Superior Farming,SB+/Gouda/Brie,-,4.92%,Reanimated Carver,
Labyrinth,Superior Farming,SB+/Gouda/Brie,-,4.51%,Shadow Stalker,
Labyrinth,Superior Farming,SB+/Gouda/Brie,-,3.28%,Corridor Bruiser,
Labyrinth,Epic Fealty,Glowing Gruyere,-,27.15%,Drudge,25981
Labyrinth,Epic Fealty,Glowing Gruyere,-,24.61%,Masked Pikeman,
Labyrinth,Epic Fealty,Glowing Gruyere,-,16.41%,Dark Templar,
Labyrinth,Epic Fealty,Glowing Gruyere,-,13.90%,Mind Tearer,
Labyrinth,Epic Fealty,Glowing Gruyere,-,6.93%,Solemn Soldier,
Labyrinth,Epic Fealty,Glowing Gruyere,-,4.25%,Corridor Bruiser,
Labyrinth,Epic Fealty,Glowing Gruyere,-,3.98%,Reanimated Carver,
Labyrinth,Epic Fealty,Glowing Gruyere,-,1.50%,Lost,
Labyrinth,Epic Fealty,Glowing Gruyere,-,1.27%,Lost Legionnaire,
Labyrinth,Epic Fealty,SB+/Gouda/Brie,-,23.99%,Drudge,6085
Labyrinth,Epic Fealty,SB+/Gouda/Brie,-,22.50%,Masked Pikeman,
Labyrinth,Epic Fealty,SB+/Gouda/Brie,-,14.68%,Dark Templar,
Labyrinth,Epic Fealty,SB+/Gouda/Brie,-,13.39%,Mind Tearer,
Labyrinth,Epic Fealty,SB+/Gouda/Brie,-,10.16%,Shadow Stalker,
Labyrinth,Epic Fealty,SB+/Gouda/Brie,-,5.49%,Solemn Soldier,
Labyrinth,Epic Fealty,SB+/Gouda/Brie,-,3.58%,Corridor Bruiser,
Labyrinth,Epic Fealty,SB+/Gouda/Brie,-,3.50%,Reanimated Carver,
Labyrinth,Epic Fealty,SB+/Gouda/Brie,-,1.46%,Lost,
Labyrinth,Epic Fealty,SB+/Gouda/Brie,-,1.25%,Lost Legionnaire,
Labyrinth,Epic Tech,Glowing Gruyere,-,26.44%,RR-8,27858
Labyrinth,Epic Tech,Glowing Gruyere,-,25.54%,Ash Golem,
Labyrinth,Epic Tech,Glowing Gruyere,-,16.77%,Fungal Technomorph,
Labyrinth,Epic Tech,Glowing Gruyere,-,13.77%,Automated Stone Sentry,
Labyrinth,Epic Tech,Glowing Gruyere,-,6.93%,Tech Golem,
Labyrinth,Epic Tech,Glowing Gruyere,-,4.02%,Reanimated Carver,
Labyrinth,Epic Tech,Glowing Gruyere,-,3.91%,Corridor Bruiser,
Labyrinth,Epic Tech,Glowing Gruyere,-,1.36%,Lost Legionnaire,
Labyrinth,Epic Tech,Glowing Gruyere,-,1.25%,Lost,
Labyrinth,Epic Tech,SB+/Gouda/Brie,-,24.20%,RR-8,6305
Labyrinth,Epic Tech,SB+/Gouda/Brie,-,21.71%,Ash Golem,
Labyrinth,Epic Tech,SB+/Gouda/Brie,-,14.80%,Fungal Technomorph,
Labyrinth,Epic Tech,SB+/Gouda/Brie,-,12.97%,Automated Stone Sentry,
Labyrinth,Epic Tech,SB+/Gouda/Brie,-,9.94%,Shadow Stalker,
Labyrinth,Epic Tech,SB+/Gouda/Brie,-,6.01%,Tech Golem,
Labyrinth,Epic Tech,SB+/Gouda/Brie,-,3.90%,Corridor Bruiser,
Labyrinth,Epic Tech,SB+/Gouda/Brie,-,3.43%,Reanimated Carver,
Labyrinth,Epic Tech,SB+/Gouda/Brie,-,1.68%,Lost Legionnaire,
Labyrinth,Epic Tech,SB+/Gouda/Brie,-,1.35%,Lost,
Labyrinth,Epic Scholar,Glowing Gruyere,-,26.46%,Summoning Scholar,25523
Labyrinth,Epic Scholar,Glowing Gruyere,-,24.87%,Sanguinarian,
Labyrinth,Epic Scholar,Glowing Gruyere,-,16.91%,Mystic Scholar,
Labyrinth,Epic Scholar,Glowing Gruyere,-,13.99%,Mystic Herald,
Labyrinth,Epic Scholar,Glowing Gruyere,-,6.92%,Mystic Guardian,
Labyrinth,Epic Scholar,Glowing Gruyere,-,4.08%,Corridor Bruiser,
Labyrinth,Epic Scholar,Glowing Gruyere,-,4.03%,Reanimated Carver,
Labyrinth,Epic Scholar,Glowing Gruyere,-,1.39%,Lost,
Labyrinth,Epic Scholar,Glowing Gruyere,-,1.34%,Lost Legionnaire,
Labyrinth,Epic Scholar,SB+/Gouda/Brie,-,24.50%,Summoning Scholar,5846
Labyrinth,Epic Scholar,SB+/Gouda/Brie,-,22.39%,Sanguinarian,
Labyrinth,Epic Scholar,SB+/Gouda/Brie,-,14.81%,Mystic Scholar,
Labyrinth,Epic Scholar,SB+/Gouda/Brie,-,12.01%,Mystic Herald,
Labyrinth,Epic Scholar,SB+/Gouda/Brie,-,9.15%,Shadow Stalker,
Labyrinth,Epic Scholar,SB+/Gouda/Brie,-,6.36%,Mystic Guardian,
Labyrinth,Epic Scholar,SB+/Gouda/Brie,-,4.53%,Corridor Bruiser,
Labyrinth,Epic Scholar,SB+/Gouda/Brie,-,3.68%,Reanimated Carver,
Labyrinth,Epic Scholar,SB+/Gouda/Brie,-,1.44%,Lost Legionnaire,
Labyrinth,Epic Scholar,SB+/Gouda/Brie,-,1.13%,Lost,
Lagoon,-,Wicked Gnarly,-,26.89%,Water Nymph,135644
Lagoon,-,Wicked Gnarly,-,13.39%,Hydra,
Lagoon,-,Wicked Gnarly,-,11.72%,Centaur,
Lagoon,-,Wicked Gnarly,-,8.51%,Silth,
Lagoon,-,Wicked Gnarly,-,8.15%,Goblin,
Lagoon,-,Wicked Gnarly,-,5.36%,Harpy,
Lagoon,-,Wicked Gnarly,-,5.02%,Eagle Owl,
Lagoon,-,Wicked Gnarly,-,4.59%,Troll,
Lagoon,-,Wicked Gnarly,-,4.47%,Nomad,
Lagoon,-,Wicked Gnarly,-,4.39%,Fairy,
Lagoon,-,Wicked Gnarly,-,3.89%,Cyclops,
Lagoon,-,Wicked Gnarly,-,3.11%,Tiger,
Lagoon,-,Wicked Gnarly,-,0.51%,Black Widow,
Lagoon,-,Gnarled,-,31.79%,Water Nymph,107812
Lagoon,-,Gnarled,-,13.48%,Centaur,
Lagoon,-,Gnarled,-,12.31%,Hydra,
Lagoon,-,Gnarled,-,9.06%,Goblin,
Lagoon,-,Gnarled,-,6.97%,Eagle Owl,
Lagoon,-,Gnarled,-,5.68%,Fairy,
Lagoon,-,Gnarled,-,5.30%,Nomad,
Lagoon,-,Gnarled,-,5.09%,Troll,
Lagoon,-,Gnarled,-,4.36%,Cyclops,
Lagoon,-,Gnarled,-,4.07%,Tiger,
Lagoon,-,Gnarled,-,1.20%,Harpy,
Lagoon,-,Gnarled,-,0.69%,Black Widow,
Lagoon,-,SB+,-,48.71%,Treant,6475
Lagoon,-,SB+,-,17.90%,Elven Princess,
Lagoon,-,SB+,-,16.74%,Wicked Witch of Whisker Woods,
Lagoon,-,SB+,-,16.65%,Shaman,
Lagoon,-,Gouda,-,48.21%,Treant,5296
Lagoon,-,Gouda,-,18.49%,Elven Princess,
Lagoon,-,Gouda,-,16.79%,Shaman,
Lagoon,-,Gouda,-,16.52%,Wicked Witch of Whisker Woods,
Lagoon,-,Brie,-,49.05%,Treant,7360
Lagoon,-,Brie,-,17.55%,Elven Princess,
Lagoon,-,Brie,-,16.82%,Shaman,
Lagoon,-,Brie,-,16.58%,Wicked Witch of Whisker Woods,
Lagoon,-,Swiss/Marble/Mozzarella/Cheddar,-,46.19%,Treant,775
Lagoon,-,Swiss/Marble/Mozzarella/Cheddar,-,20.13%,Wicked Witch of Whisker Woods,
Lagoon,-,Swiss/Marble/Mozzarella/Cheddar,-,18.19%,Elven Princess,
Lagoon,-,Swiss/Marble/Mozzarella/Cheddar,-,15.48%,Shaman,
Living Garden,Not Poured,Duskshade Camembert,-,49.35%,Carmine the Apothecary,
Living Garden,Not Poured,Duskshade Camembert,-,33.21%,Shroom,
Living Garden,Not Poured,Duskshade Camembert,-,17.44%,Camoflower,
Living Garden,Not Poured,SB+/Gouda/Brie/Swiss/White Cheddar/Marble/Mozzarella/Cheddar,-,21.42%,Bark,
Living Garden,Not Poured,SB+/Gouda/Brie/Swiss/White Cheddar/Marble/Mozzarella/Cheddar,-,17.61%,Calalilly,
Living Garden,Not Poured,SB+/Gouda/Brie/Swiss/White Cheddar/Marble/Mozzarella/Cheddar,-,8.28%,Camoflower,
Living Garden,Not Poured,SB+/Gouda/Brie/Swiss/White Cheddar/Marble/Mozzarella/Cheddar,-,17.33%,Shroom,
Living Garden,Not Poured,SB+/Gouda/Brie/Swiss/White Cheddar/Marble/Mozzarella/Cheddar,-,11.08%,Strawberry Hotcakes,
Living Garden,Not Poured,SB+/Gouda/Brie/Swiss/White Cheddar/Marble/Mozzarella/Cheddar,-,24.28%,Thistle,
Living Garden,Poured,Duskshade Camembert,-,49.35%,Carmine the Apothecary,
Living Garden,Poured,Duskshade Camembert,-,33.21%,Shroom,
Living Garden,Poured,Duskshade Camembert,-,17.44%,Camoflower,
Living Garden,Poured,SB+/Gouda/Brie/Swiss/White Cheddar/Marble/Mozzarella/Cheddar,-,21.73%,Thistle,
Living Garden,Poured,SB+/Gouda/Brie/Swiss/White Cheddar/Marble/Mozzarella/Cheddar,-,19.32%,Bark,
Living Garden,Poured,SB+/Gouda/Brie/Swiss/White Cheddar/Marble/Mozzarella/Cheddar,-,16.03%,Calalilly,
Living Garden,Poured,SB+/Gouda/Brie/Swiss/White Cheddar/Marble/Mozzarella/Cheddar,-,7.31%,Camoflower,
Living Garden,Poured,SB+/Gouda/Brie/Swiss/White Cheddar/Marble/Mozzarella/Cheddar,-,15.10%,Shroom,
Living Garden,Poured,SB+/Gouda/Brie/Swiss/White Cheddar/Marble/Mozzarella/Cheddar,-,10.89%,Strawberry Hotcakes,
Living Garden,Poured,SB+/Gouda/Brie/Swiss/White Cheddar/Marble/Mozzarella/Cheddar,-,9.62%,Thirsty,
Lost City,Curse Lifted,Dewthief Camembert,-,10.57%,Cursed,
Lost City,Curse Lifted,Dewthief Camembert,-,19.84%,Essence Collector,
Lost City,Curse Lifted,Dewthief Camembert,-,16.45%,Ethereal Enchanter,
Lost City,Curse Lifted,Dewthief Camembert,-,16.05%,Ethereal Engineer,
Lost City,Curse Lifted,Dewthief Camembert,-,20.76%,Ethereal Librarian,
Lost City,Curse Lifted,Dewthief Camembert,-,16.32%,Ethereal Thief,
Lost City,Cursed,Dewthief Camembert,-,14.55%,Cursed,
Lost City,Cursed,Dewthief Camembert,-,24.63%,Ethereal Enchanter,
Lost City,Cursed,Dewthief Camembert,-,20.22%,Ethereal Engineer,
Lost City,Cursed,Dewthief Camembert,-,20.40%,Ethereal Librarian,
Lost City,Cursed,Dewthief Camembert,-,20.20%,Ethereal Thief,
M400 Hunting,-,Fusion Fondue,-,100.00%,M400,
Meadow,-,SB+,-,13.06%,Tiny,21743
Meadow,-,SB+,-,10.19%,Flying,
Meadow,-,SB+,-,10.13%,Cowardly,
Meadow,-,SB+,-,9.85%,Lightning Rod,
Meadow,-,SB+,-,7.90%,Spotted,
Meadow,-,SB+,-,7.88%,Field,
Meadow,-,SB+,-,5.13%,Mole,
Meadow,-,SB+,-,5.04%,Granite,
Meadow,-,SB+,-,5.00%,Bionic,
Meadow,-,SB+,-,4.94%,Steel,
Meadow,-,SB+,-,4.21%,Grey,
Meadow,-,SB+,-,3.91%,White,
Meadow,-,SB+,-,3.87%,Brown,
Meadow,-,SB+,-,3.02%,Diamond,
Meadow,-,SB+,-,2.97%,Gold,
Meadow,-,SB+,-,2.91%,Dwarf,
Meadow,-,Gouda,-,15.23%,Cowardly,16092
Meadow,-,Gouda,-,9.76%,Spotted,
Meadow,-,Gouda,-,9.71%,Field,
Meadow,-,Gouda,-,8.14%,Lightning Rod,
Meadow,-,Gouda,-,7.24%,Dwarf,
Meadow,-,Gouda,-,6.11%,Steel,
Meadow,-,Gouda,-,5.76%,Bionic,
Meadow,-,Gouda,-,5.74%,Granite,
Meadow,-,Gouda,-,5.47%,Brown,
Meadow,-,Gouda,-,5.03%,Grey,
Meadow,-,Gouda,-,4.98%,White,
Meadow,-,Gouda,-,3.99%,Gold,
Meadow,-,Gouda,-,3.90%,Diamond,
Meadow,-,Gouda,-,3.90%,Mole,
Meadow,-,Gouda,-,3.04%,Tiny,
Meadow,-,Gouda,-,1.99%,Flying,
Meadow,-,Brie,-,15.08%,Cowardly,37546
Meadow,-,Brie,-,10.16%,Spotted,
Meadow,-,Brie,-,9.83%,Field,
Meadow,-,Brie,-,8.16%,Lightning Rod,
Meadow,-,Brie,-,6.99%,Dwarf,
Meadow,-,Brie,-,6.06%,Bionic,
Meadow,-,Brie,-,5.91%,Granite,
Meadow,-,Brie,-,5.84%,Steel,
Meadow,-,Brie,-,5.07%,Brown,
Meadow,-,Brie,-,4.92%,White,
Meadow,-,Brie,-,4.88%,Grey,
Meadow,-,Brie,-,4.03%,Diamond,
Meadow,-,Brie,-,4.01%,Mole,
Meadow,-,Brie,-,3.96%,Gold,
Meadow,-,Brie,-,3.11%,Tiny,
Meadow,-,Brie,-,1.98%,Flying,
Meadow,-,Swiss,-,13.65%,Lightning Rod,9618
Meadow,-,Swiss,-,13.47%,Cowardly,
Meadow,-,Swiss,-,10.18%,Field,
Meadow,-,Swiss,-,9.99%,Spotted,
Meadow,-,Swiss,-,8.28%,Brown,
Meadow,-,Swiss,-,7.88%,White,
Meadow,-,Swiss,-,7.53%,Grey,
Meadow,-,Swiss,-,6.22%,Dwarf,
Meadow,-,Swiss,-,4.10%,Bionic,
Meadow,-,Swiss,-,4.08%,Diamond,
Meadow,-,Swiss,-,3.99%,Steel,
Meadow,-,Swiss,-,3.95%,Gold,
Meadow,-,Swiss,-,3.86%,Granite,
Meadow,-,Swiss,-,2.83%,Mole,
Meadow,-,Marble/Mozzarella,-,14.87%,White,7748
Meadow,-,Marble/Mozzarella,-,12.39%,Field,
Meadow,-,Marble/Mozzarella,-,12.35%,Brown,
Meadow,-,Marble/Mozzarella,-,11.34%,Spotted,
Meadow,-,Marble/Mozzarella,-,11.34%,Grey,
Meadow,-,Marble/Mozzarella,-,10.87%,Cowardly,
Meadow,-,Marble/Mozzarella,-,9.25%,Lightning Rod,
Meadow,-,Marble/Mozzarella,-,4.52%,Dwarf,
Meadow,-,Marble/Mozzarella,-,3.18%,Granite,
Meadow,-,Marble/Mozzarella,-,3.16%,Steel,
Meadow,-,Marble/Mozzarella,-,2.74%,Bionic,
Meadow,-,Marble/Mozzarella,-,1.77%,Gold,
Meadow,-,Marble/Mozzarella,-,1.45%,Diamond,
Meadow,-,Marble/Mozzarella,-,0.77%,Mole,
Meadow,-,Cheddar,-,15.86%,White,4213
Meadow,-,Cheddar,-,14.81%,Brown,
Meadow,-,Cheddar,-,13.96%,Grey,
Meadow,-,Cheddar,-,12.51%,Spotted,
Meadow,-,Cheddar,-,12.39%,Cowardly,
Meadow,-,Cheddar,-,12.18%,Field,
Meadow,-,Cheddar,-,8.73%,Lightning Rod,
Meadow,-,Cheddar,-,2.11%,Granite,
Meadow,-,Cheddar,-,2.09%,Bionic,
Meadow,-,Cheddar,-,2.04%,Steel,
Meadow,-,Cheddar,-,1.42%,Dwarf,
Meadow,-,Cheddar,-,0.95%,Diamond,
Meadow,-,Cheddar,-,0.95%,Gold,
Meadow,-,White Cheddar,-,21.85%,Spotted,11369
Meadow,-,White Cheddar,-,21.31%,Cowardly,
Meadow,-,White Cheddar,-,21.29%,Field,
Meadow,-,White Cheddar,-,16.61%,Lightning Rod,
Meadow,-,White Cheddar,-,3.99%,Steel,
Meadow,-,White Cheddar,-,3.83%,Bionic,
Meadow,-,White Cheddar,-,3.74%,Dwarf,
Meadow,-,White Cheddar,-,3.69%,Granite,
Meadow,-,White Cheddar,-,1.91%,Gold,
Meadow,-,White Cheddar,-,1.78%,Diamond,
Meditation Room,-,Glutter,-,100.00%,Master of the Cheese Belt,
Meditation Room,-,Susheese,-,100.00%,Master of the Cheese Claw,
Meditation Room,-,Combat,-,100.00%,Master of the Cheese Fang,
Meditation Room,-,SB+/Gouda/Brie/Swiss/White Cheddar/Marble/Mozzarella/Cheddar,-,100.00%,Hapless,
Mountain,-,SB+,-,12.59%,Steel,43680
Mountain,-,SB+,-,12.12%,Granite,
Mountain,-,SB+,-,11.49%,Bionic,
Mountain,-,SB+,-,9.12%,Silvertail,
Mountain,-,SB+,-,9.00%,Ninja,
Mountain,-,SB+,-,6.76%,Fog,
Mountain,-,SB+,-,5.52%,Frosty Snow,
Mountain,-,SB+,-,5.35%,Frozen,
Mountain,-,SB+,-,4.58%,Gold,
Mountain,-,SB+,-,4.50%,Diamond,
Mountain,-,SB+,-,4.46%,Dwarf,
Mountain,-,SB+,-,4.45%,Pebble,
Mountain,-,SB+,-,4.32%,Abominable Snow,
Mountain,-,SB+,-,1.17%,White,
Mountain,-,SB+,-,1.16%,Brown,
Mountain,-,SB+,-,1.14%,Grey,
Mountain,-,SB+,-,1.13%,Zombie,
Mountain,-,SB+,-,1.11%,Black Widow,
Mountain,-,Gouda/Brie/Swiss,-,11.85%,Steel,27967
Mountain,-,Gouda/Brie/Swiss,-,11.39%,Granite,
Mountain,-,Gouda/Brie/Swiss,-,10.91%,Diamond,
Mountain,-,Gouda/Brie/Swiss,-,10.87%,Dwarf,
Mountain,-,Gouda/Brie/Swiss,-,10.62%,Gold,
Mountain,-,Gouda/Brie/Swiss,-,10.54%,Frozen,
Mountain,-,Gouda/Brie/Swiss,-,10.45%,Bionic,
Mountain,-,Gouda/Brie/Swiss,-,8.54%,Ninja,
Mountain,-,Gouda/Brie/Swiss,-,4.21%,Brown,
Mountain,-,Gouda/Brie/Swiss,-,3.16%,Grey,
Mountain,-,Gouda/Brie/Swiss,-,3.12%,White,
Mountain,-,Gouda/Brie/Swiss,-,2.21%,Zombie,
Mountain,-,Gouda/Brie/Swiss,-,2.15%,Abominable Snow,
Mountain,-,Marble/Mozzarella,-,12.62%,Dwarf,729
Mountain,-,Marble/Mozzarella,-,12.07%,Steel,
Mountain,-,Marble/Mozzarella,-,11.80%,Granite,
Mountain,-,Marble/Mozzarella,-,11.66%,Gold,
Mountain,-,Marble/Mozzarella,-,11.39%,Diamond,
Mountain,-,Marble/Mozzarella,-,10.29%,Bionic,
Mountain,-,Marble/Mozzarella,-,10.01%,Frozen,
Mountain,-,Marble/Mozzarella,-,7.13%,Ninja,
Mountain,-,Marble/Mozzarella,-,4.39%,Brown,
Mountain,-,Marble/Mozzarella,-,2.88%,White,
Mountain,-,Marble/Mozzarella,-,2.19%,Grey,
Mountain,-,Marble/Mozzarella,-,1.92%,Abominable Snow,
Mountain,-,Marble/Mozzarella,-,1.65%,Zombie,
Mountain,-,White Cheddar,-,14.57%,Steel,4009
Mountain,-,White Cheddar,-,12.77%,Granite,
Mountain,-,White Cheddar,-,12.45%,Frozen,
Mountain,-,White Cheddar,-,12.25%,Dwarf,
Mountain,-,White Cheddar,-,11.40%,Diamond,
Mountain,-,White Cheddar,-,11.22%,Bionic,
Mountain,-,White Cheddar,-,11.22%,Gold,
Mountain,-,White Cheddar,-,9.68%,Ninja,
Mountain,-,White Cheddar,-,2.32%,Abominable Snow,
Mountain,-,White Cheddar,-,2.12%,Zombie,
Mountain,-,SB+,Prospector's,34.45%,Silvertail,3710
Mountain,-,SB+,Prospector's,19.11%,Gold,
Mountain,-,SB+,Prospector's,18.19%,Diamond,
Mountain,-,SB+,Prospector's,4.39%,Granite,
Mountain,-,SB+,Prospector's,3.91%,Bionic,
Mountain,-,SB+,Prospector's,3.83%,Steel,
Mountain,-,SB+,Prospector's,2.80%,Ninja,
Mountain,-,SB+,Prospector's,2.75%,Fog,
Mountain,-,SB+,Prospector's,2.53%,Frosty Snow,
Mountain,-,SB+,Prospector's,1.94%,Frozen,
Mountain,-,SB+,Prospector's,1.48%,Dwarf,
Mountain,-,SB+,Prospector's,1.35%,Abominable Snow,
Mountain,-,SB+,Prospector's,1.24%,Pebble,
Mountain,-,SB+,Prospector's,0.59%,Zombie,
Mountain,-,SB+,Prospector's,0.46%,Black Widow,
Mountain,-,SB+,Prospector's,0.35%,White,
Mountain,-,SB+,Prospector's,0.32%,Brown,
Mountain,-,SB+,Prospector's,0.30%,Grey,
Mountain,-,Gouda/Brie/Swiss,Prospector's,28.59%,Diamond,6583
Mountain,-,Gouda/Brie/Swiss,Prospector's,28.56%,Gold,
Mountain,-,Gouda/Brie/Swiss,Prospector's,6.49%,Granite,
Mountain,-,Gouda/Brie/Swiss,Prospector's,6.17%,Frozen,
Mountain,-,Gouda/Brie/Swiss,Prospector's,5.73%,Steel,
Mountain,-,Gouda/Brie/Swiss,Prospector's,5.70%,Dwarf,
Mountain,-,Gouda/Brie/Swiss,Prospector's,5.59%,Ninja,
Mountain,-,Gouda/Brie/Swiss,Prospector's,5.56%,Bionic,
Mountain,-,Gouda/Brie/Swiss,Prospector's,2.29%,Brown,
Mountain,-,Gouda/Brie/Swiss,Prospector's,1.85%,White,
Mountain,-,Gouda/Brie/Swiss,Prospector's,1.40%,Grey,
Mountain,-,Gouda/Brie/Swiss,Prospector's,1.08%,Abominable Snow,
Mountain,-,Gouda/Brie/Swiss,Prospector's,1.00%,Zombie,
Mountain,-,White Cheddar,Prospector's,30.63%,Gold,1600
Mountain,-,White Cheddar,Prospector's,30.38%,Diamond,
Mountain,-,White Cheddar,Prospector's,6.63%,Dwarf,
Mountain,-,White Cheddar,Prospector's,6.56%,Granite,
Mountain,-,White Cheddar,Prospector's,6.50%,Ninja,
Mountain,-,White Cheddar,Prospector's,6.19%,Steel,
Mountain,-,White Cheddar,Prospector's,5.38%,Frozen,
Mountain,-,White Cheddar,Prospector's,5.31%,Bionic,
Mountain,-,White Cheddar,Prospector's,1.25%,Abominable Snow,
Mountain,-,White Cheddar,Prospector's,1.19%,Zombie,
Mousoleum,-,Moon,-,49.28%,Lycan,24549
Mousoleum,-,Moon,-,11.88%,Ghost,
Mousoleum,-,Moon,-,10.09%,Bat,
Mousoleum,-,Moon,-,8.69%,Mummy,
Mousoleum,-,Moon,-,8.05%,Zombie,
Mousoleum,-,Moon,-,6.95%,Ravenous Zombie,
Mousoleum,-,Moon,-,3.22%,Vampire,
Mousoleum,-,Moon,-,1.84%,Gluttonous Zombie,
Mousoleum,-,Radioactive Blue,-,16.15%,Ghost,143059
Mousoleum,-,Radioactive Blue,-,13.56%,Bat,
Mousoleum,-,Radioactive Blue,-,12.51%,Zombie,
Mousoleum,-,Radioactive Blue,-,12.18%,Mummy,
Mousoleum,-,Radioactive Blue,-,11.05%,Ravenous Zombie,
Mousoleum,-,Radioactive Blue,-,7.45%,Mutated Grey,
Mousoleum,-,Radioactive Blue,-,7.45%,Mutated White,
Mousoleum,-,Radioactive Blue,-,6.83%,Giant Snail,
Mousoleum,-,Radioactive Blue,-,3.62%,Mutated Brown,
Mousoleum,-,Radioactive Blue,-,3.56%,Lycan,
Mousoleum,-,Radioactive Blue,-,2.12%,Gluttonous Zombie,
Mousoleum,-,Radioactive Blue,-,1.89%,Vampire,
Mousoleum,-,Radioactive Blue,-,1.36%,Monster,
Mousoleum,-,Radioactive Blue,-,0.29%,Black Widow,
Mousoleum,-,Radioactive Blue,Brain,46.11%,Zombie,36536
Mousoleum,-,Radioactive Blue,Brain,32.14%,Ravenous Zombie,
Mousoleum,-,Radioactive Blue,Brain,4.25%,Gluttonous Zombie,
Mousoleum,-,Radioactive Blue,Brain,3.85%,Ghost,
Mousoleum,-,Radioactive Blue,Brain,3.19%,Bat,
Mousoleum,-,Radioactive Blue,Brain,2.90%,Mummy,
Mousoleum,-,Radioactive Blue,Brain,1.82%,Mutated Grey,
Mousoleum,-,Radioactive Blue,Brain,1.69%,Mutated White,
Mousoleum,-,Radioactive Blue,Brain,1.57%,Giant Snail,
Mousoleum,-,Radioactive Blue,Brain,0.82%,Mutated Brown,
Mousoleum,-,Radioactive Blue,Brain,0.77%,Lycan,
Mousoleum,-,Radioactive Blue,Brain,0.48%,Vampire,
Mousoleum,-,Radioactive Blue,Brain,0.31%,Monster,
Mousoleum,-,Radioactive Blue,Brain,0.10%,Black Widow,
Mousoleum,-,Radioactive Blue,Super Brain,43.87%,Zombie,2856
Mousoleum,-,Radioactive Blue,Super Brain,31.86%,Ravenous Zombie,
Mousoleum,-,Radioactive Blue,Super Brain,4.45%,Ghost,
Mousoleum,-,Radioactive Blue,Super Brain,4.41%,Gluttonous Zombie,
Mousoleum,-,Radioactive Blue,Super Brain,3.61%,Mummy,
Mousoleum,-,Radioactive Blue,Super Brain,3.26%,Bat,
Mousoleum,-,Radioactive Blue,Super Brain,2.03%,Mutated Grey,
Mousoleum,-,Radioactive Blue,Super Brain,1.79%,Mutated White,
Mousoleum,-,Radioactive Blue,Super Brain,1.40%,Giant Snail,
Mousoleum,-,Radioactive Blue,Super Brain,1.05%,Lycan,
Mousoleum,-,Radioactive Blue,Super Brain,1.02%,Mutated Brown,
Mousoleum,-,Radioactive Blue,Super Brain,0.74%,Vampire,
Mousoleum,-,Radioactive Blue,Super Brain,0.46%,Monster,
Mousoleum,-,Radioactive Blue,Super Brain,0.07%,Black Widow,
Mousoleum,-,Undead Emmental,-,28.19%,Mummy,28539
Mousoleum,-,Undead Emmental,-,27.20%,Ghost,
Mousoleum,-,Undead Emmental,-,11.75%,Grave Robber,
Mousoleum,-,Undead Emmental,-,11.23%,Vampire,
Mousoleum,-,Undead Emmental,-,9.77%,Zombot Unipire,
Mousoleum,-,Undead Emmental,-,5.81%,Ravenous Zombie,
Mousoleum,-,Undead Emmental,-,4.00%,Zombie,
Mousoleum,-,Undead Emmental,-,2.06%,Gluttonous Zombie,
Mousoleum,-,Undead Emmental,Brain,22.62%,Ravenous Zombie,21090
Mousoleum,-,Undead Emmental,Brain,19.30%,Zombie,
Mousoleum,-,Undead Emmental,Brain,13.62%,Zombot Unipire,
Mousoleum,-,Undead Emmental,Brain,13.27%,Mummy,
Mousoleum,-,Undead Emmental,Brain,12.98%,Ghost,
Mousoleum,-,Undead Emmental,Brain,7.52%,Gluttonous Zombie,
Mousoleum,-,Undead Emmental,Brain,5.47%,Grave Robber,
Mousoleum,-,Undead Emmental,Brain,5.23%,Vampire,
Mousoleum,-,Undead Emmental,Super Brain,3.06%,Ravenous Zombie,3033
Mousoleum,-,Undead Emmental,Super Brain,2.70%,Zombie,
Mousoleum,-,Undead Emmental,Super Brain,2.13%,Zombot Unipire,
Mousoleum,-,Undead Emmental,Super Brain,1.94%,Mummy,
Mousoleum,-,Undead Emmental,Super Brain,1.92%,Ghost,
Mousoleum,-,Undead Emmental,Super Brain,1.01%,Gluttonous Zombie,
Mousoleum,-,Undead Emmental,Super Brain,0.87%,Grave Robber,
Mousoleum,-,Undead Emmental,Super Brain,0.75%,Vampire,
Muridae Market,-,SB+,-,15.82%,Limestone Miner,
Muridae Market,-,SB+,-,14.19%,Lumberjack,
Muridae Market,-,SB+,-,11.88%,Glass Blower,
Muridae Market,-,SB+,-,9.86%,Falling Carpet,
Muridae Market,-,SB+,-,9.70%,Spice Merchant,
Muridae Market,-,SB+,-,8.99%,Market Thief,
Muridae Market,-,SB+,-,8.98%,Market Guard,
Muridae Market,-,SB+,-,8.55%,Desert Architect,
Muridae Market,-,SB+,-,5.90%,Pie Thief,
Muridae Market,-,SB+,-,3.14%,Snake Charmer,
Muridae Market,-,SB+,-,3.00%,Desert Nomad,
Muridae Market,-,Gouda,-,15.94%,Limestone Miner,
Muridae Market,-,Gouda,-,14.11%,Lumberjack,
Muridae Market,-,Gouda,-,13.89%,Pie Thief,
Muridae Market,-,Gouda,-,12.16%,Glass Blower,
Muridae Market,-,Gouda,-,10.07%,Falling Carpet,
Muridae Market,-,Gouda,-,9.93%,Spice Merchant,
Muridae Market,-,Gouda,-,8.00%,Snake Charmer,
Muridae Market,-,Gouda,-,7.94%,Market Guard,
Muridae Market,-,Gouda,-,6.96%,Market Thief,
Muridae Market,-,Gouda,-,1.00%,Desert Nomad,
Muridae Market,-,Brie/Swiss/White Cheddar/Marble/Mozzarella/Cheddar,-,15.94%,Limestone Miner,
Muridae Market,-,Brie/Swiss/White Cheddar/Marble/Mozzarella/Cheddar,-,14.11%,Lumberjack,
Muridae Market,-,Brie/Swiss/White Cheddar/Marble/Mozzarella/Cheddar,-,13.89%,Pie Thief,
Muridae Market,-,Brie/Swiss/White Cheddar/Marble/Mozzarella/Cheddar,-,12.16%,Glass Blower,
Muridae Market,-,Brie/Swiss/White Cheddar/Marble/Mozzarella/Cheddar,-,10.07%,Falling Carpet,
Muridae Market,-,Brie/Swiss/White Cheddar/Marble/Mozzarella/Cheddar,-,9.93%,Spice Merchant,
Muridae Market,-,Brie/Swiss/White Cheddar/Marble/Mozzarella/Cheddar,-,8.00%,Snake Charmer,
Muridae Market,-,Brie/Swiss/White Cheddar/Marble/Mozzarella/Cheddar,-,7.94%,Market Guard,
Muridae Market,-,Brie/Swiss/White Cheddar/Marble/Mozzarella/Cheddar,-,6.96%,Market Thief,
Muridae Market,-,Brie/Swiss/White Cheddar/Marble/Mozzarella/Cheddar,-,1.00%,Desert Nomad,
Muridae Market,-,SB+,Artisan,19.80%,Blacksmith,
Muridae Market,-,SB+,Artisan,18.22%,Limestone Miner,
Muridae Market,-,SB+,Artisan,17.39%,Mage Weaver,
Muridae Market,-,SB+,Artisan,15.87%,Lumberjack,
Muridae Market,-,SB+,Artisan,14.24%,Glass Blower,
Muridae Market,-,SB+,Artisan,7.99%,Desert Architect,
Muridae Market,-,SB+,Artisan,2.22%,Pie Thief,
Muridae Market,-,SB+,Artisan,2.19%,Spice Merchant,
Muridae Market,-,SB+,Artisan,2.10%,Falling Carpet,
Muridae Market,-,Gouda,Artisan,18.03%,Limestone Miner,
Muridae Market,-,Gouda,Artisan,17.67%,Blacksmith,
Muridae Market,-,Gouda,Artisan,16.16%,Lumberjack,
Muridae Market,-,Gouda,Artisan,15.63%,Mage Weaver,
Muridae Market,-,Gouda,Artisan,14.07%,Glass Blower,
Muridae Market,-,Gouda,Artisan,10.14%,Pie Thief,
Muridae Market,-,Gouda,Artisan,4.19%,Falling Carpet,
Muridae Market,-,Gouda,Artisan,4.12%,Spice Merchant,
Muridae Market,-,Brie/Swiss/White Cheddar/Marble/Mozzarella/Cheddar,Artisan,18.03%,Limestone Miner,
Muridae Market,-,Brie/Swiss/White Cheddar/Marble/Mozzarella/Cheddar,Artisan,17.67%,Blacksmith,
Muridae Market,-,Brie/Swiss/White Cheddar/Marble/Mozzarella/Cheddar,Artisan,16.16%,Lumberjack,
Muridae Market,-,Brie/Swiss/White Cheddar/Marble/Mozzarella/Cheddar,Artisan,15.63%,Mage Weaver,
Muridae Market,-,Brie/Swiss/White Cheddar/Marble/Mozzarella/Cheddar,Artisan,14.07%,Glass Blower,
Muridae Market,-,Brie/Swiss/White Cheddar/Marble/Mozzarella/Cheddar,Artisan,10.14%,Pie Thief,
Muridae Market,-,Brie/Swiss/White Cheddar/Marble/Mozzarella/Cheddar,Artisan,4.19%,Falling Carpet,
Muridae Market,-,Brie/Swiss/White Cheddar/Marble/Mozzarella/Cheddar,Artisan,4.12%,Spice Merchant,
Nerg Plains,-,Gumbo,-,57.33%,Defender,
Nerg Plains,-,Gumbo,-,28.46%,Slayer,
Nerg Plains,-,Gumbo,-,14.21%,Nerg Chieftain,
Nerg Plains,-,SB+,-,17.83%,Conqueror,
Nerg Plains,-,SB+,-,17.52%,Finder,
Nerg Plains,-,SB+,-,16.78%,Conjurer,
Nerg Plains,-,SB+,-,16.73%,Alnilam,
Nerg Plains,-,SB+,-,16.34%,Beast Tamer,
Nerg Plains,-,SB+,-,5.02%,Narrator,
Nerg Plains,-,SB+,-,4.61%,Caretaker,
Nerg Plains,-,SB+,-,4.22%,Pathfinder,
Nerg Plains,-,SB+,-,0.97%,Black Widow,
Nerg Plains,-,Gouda,-,15.90%,Beast Tamer,
Nerg Plains,-,Gouda,-,15.75%,Conqueror,
Nerg Plains,-,Gouda,-,15.65%,Conjurer,
Nerg Plains,-,Gouda,-,15.60%,Alnilam,
Nerg Plains,-,Gouda,-,11.91%,Finder,
Nerg Plains,-,Gouda,-,9.36%,Narrator,
Nerg Plains,-,Gouda,-,8.02%,Pathfinder,
Nerg Plains,-,Gouda,-,7.81%,Caretaker,
Nerg Plains,-,Brie/Swiss/White Cheddar/Marble/Mozzarella/Cheddar,-,26.26%,Chameleon,
Nerg Plains,-,Brie/Swiss/White Cheddar/Marble/Mozzarella/Cheddar,-,10.52%,Beast Tamer,
Nerg Plains,-,Brie/Swiss/White Cheddar/Marble/Mozzarella/Cheddar,-,10.36%,Alnilam,
Nerg Plains,-,Brie/Swiss/White Cheddar/Marble/Mozzarella/Cheddar,-,10.03%,Conqueror,
Nerg Plains,-,Brie/Swiss/White Cheddar/Marble/Mozzarella/Cheddar,-,9.92%,Conjurer,
Nerg Plains,-,Brie/Swiss/White Cheddar/Marble/Mozzarella/Cheddar,-,9.41%,Narrator,
Nerg Plains,-,Brie/Swiss/White Cheddar/Marble/Mozzarella/Cheddar,-,9.23%,Caretaker,
Nerg Plains,-,Brie/Swiss/White Cheddar/Marble/Mozzarella/Cheddar,-,8.76%,Pathfinder,
Nerg Plains,-,Brie/Swiss/White Cheddar/Marble/Mozzarella/Cheddar,-,5.52%,Finder,
Pinnacle Chamber,-,SB+/Gouda/Brie/Swiss/White Cheddar/Marble/Mozzarella/Cheddar,-,100.00%,Hapless,
Pinnacle Chamber,-,Onyx Gorgonzola,-,100.00%,Dojo Sensei,
Pinnacle Chamber,-,Rumble,-,100.00%,Master of the Dojo,
S.S. Huntington III,-,Galleon Gouda,-,24.18%,Captain,7920
S.S. Huntington III,-,Galleon Gouda,-,19.48%,Buccaneer,
S.S. Huntington III,-,Galleon Gouda,-,13.38%,Pirate,
S.S. Huntington III,-,Galleon Gouda,-,10.06%,Leviathan,
S.S. Huntington III,-,Galleon Gouda,-,9.55%,Hydra,
S.S. Huntington III,-,Galleon Gouda,-,9.53%,Squeaken,
S.S. Huntington III,-,Galleon Gouda,-,7.05%,Mermouse,
S.S. Huntington III,-,Galleon Gouda,-,2.93%,Crown Collector,
S.S. Huntington III,-,Galleon Gouda,-,2.05%,Bottled,
S.S. Huntington III,-,Galleon Gouda,-,1.02%,Shelder,
S.S. Huntington III,-,Galleon Gouda,-,0.77%,Shipwrecked,
S.S. Huntington III,-,SB+,-,10.06%,Salt Water Snapper,103757
S.S. Huntington III,-,SB+,-,9.30%,Buccaneer,
S.S. Huntington III,-,SB+,-,8.46%,Pirate,
S.S. Huntington III,-,SB+,-,8.46%,Pinchy,
S.S. Huntington III,-,SB+,-,8.37%,Shipwrecked,
S.S. Huntington III,-,SB+,-,7.82%,Siren,
S.S. Huntington III,-,SB+,-,6.49%,Water Nymph,
S.S. Huntington III,-,SB+,-,6.08%,Briegull,
S.S. Huntington III,-,SB+,-,5.85%,Captain,
S.S. Huntington III,-,SB+,-,5.35%,Bottled,
S.S. Huntington III,-,SB+,-,4.64%,Hydra,
S.S. Huntington III,-,SB+,-,4.64%,Squeaken,
S.S. Huntington III,-,SB+,-,4.57%,Leviathan,
S.S. Huntington III,-,SB+,-,3.95%,Nibbler,
S.S. Huntington III,-,SB+,-,2.42%,Cook,
S.S. Huntington III,-,SB+,-,1.80%,Crown Collector,
S.S. Huntington III,-,SB+,-,1.37%,Mermouse,
S.S. Huntington III,-,SB+,-,0.19%,Shelder,
S.S. Huntington III,-,SB+,-,0.18%,Swabbie,
S.S. Huntington III,-,Gouda,-,12.51%,Briegull,125371
S.S. Huntington III,-,Gouda,-,10.10%,Salt Water Snapper,
S.S. Huntington III,-,Gouda,-,9.06%,Buccaneer,
S.S. Huntington III,-,Gouda,-,8.46%,Pinchy,
S.S. Huntington III,-,Gouda,-,8.43%,Pirate,
S.S. Huntington III,-,Gouda,-,8.35%,Shipwrecked,
S.S. Huntington III,-,Gouda,-,7.76%,Siren,
S.S. Huntington III,-,Gouda,-,6.40%,Water Nymph,
S.S. Huntington III,-,Gouda,-,5.89%,Captain,
S.S. Huntington III,-,Gouda,-,5.28%,Bottled,
S.S. Huntington III,-,Gouda,-,4.74%,Leviathan,
S.S. Huntington III,-,Gouda,-,4.68%,Hydra,
S.S. Huntington III,-,Gouda,-,4.65%,Squeaken,
S.S. Huntington III,-,Gouda,-,1.85%,Swabbie,
S.S. Huntington III,-,Gouda,-,1.34%,Mermouse,
S.S. Huntington III,-,Gouda,-,0.30%,Crown Collector,
S.S. Huntington III,-,Gouda,-,0.21%,Shelder,
S.S. Huntington III,-,Brie,-,12.33%,Briegull,43453
S.S. Huntington III,-,Brie,-,10.03%,Salt Water Snapper,
S.S. Huntington III,-,Brie,-,9.26%,Buccaneer,
S.S. Huntington III,-,Brie,-,8.51%,Shipwrecked,
S.S. Huntington III,-,Brie,-,8.43%,Pirate,
S.S. Huntington III,-,Brie,-,8.37%,Pinchy,
S.S. Huntington III,-,Brie,-,8.09%,Siren,
S.S. Huntington III,-,Brie,-,6.21%,Water Nymph,
S.S. Huntington III,-,Brie,-,5.79%,Captain,
S.S. Huntington III,-,Brie,-,5.50%,Bottled,
S.S. Huntington III,-,Brie,-,4.69%,Hydra,
S.S. Huntington III,-,Brie,-,4.62%,Leviathan,
S.S. Huntington III,-,Brie,-,4.51%,Squeaken,
S.S. Huntington III,-,Brie,-,1.81%,Swabbie,
S.S. Huntington III,-,Brie,-,1.42%,Mermouse,
S.S. Huntington III,-,Brie,-,0.23%,Shelder,
S.S. Huntington III,-,Brie,-,0.20%,Crown Collector,
S.S. Huntington III,-,Swiss,-,11.56%,Briegull,3703
S.S. Huntington III,-,Swiss,-,9.69%,Salt Water Snapper,
S.S. Huntington III,-,Swiss,-,9.67%,Buccaneer,
S.S. Huntington III,-,Swiss,-,9.40%,Pinchy,
S.S. Huntington III,-,Swiss,-,8.64%,Pirate,
S.S. Huntington III,-,Swiss,-,8.56%,Shipwrecked,
S.S. Huntington III,-,Swiss,-,7.08%,Water Nymph,
S.S. Huntington III,-,Swiss,-,6.89%,Siren,
S.S. Huntington III,-,Swiss,-,6.08%,Captain,
S.S. Huntington III,-,Swiss,-,5.54%,Bottled,
S.S. Huntington III,-,Swiss,-,4.83%,Leviathan,
S.S. Huntington III,-,Swiss,-,4.48%,Hydra,
S.S. Huntington III,-,Swiss,-,4.46%,Squeaken,
S.S. Huntington III,-,Swiss,-,1.59%,Swabbie,
S.S. Huntington III,-,Swiss,-,1.24%,Mermouse,
S.S. Huntington III,-,Swiss,-,0.19%,Shelder,
S.S. Huntington III,-,Swiss,-,0.11%,Crown Collector,
Sand Crypts,-,Graveblossom Camembert,-,25.12%,Sand Colossus,
Sand Crypts,-,Graveblossom Camembert,-,24.87%,Sarcophamouse,
Sand Crypts,-,Graveblossom Camembert,-,25.08%,Scarab,
Sand Crypts,-,Graveblossom Camembert,-,24.93%,Serpentine,
Sand Crypts,-,Graveblossom Camembert,Grub Scent,100.00%,King Grub,
Sand Crypts,-,Graveblossom Camembert,Shattering,100.00%,King Scarab,
Sand Dunes,No Stampede,Dewthief Camembert,-,25.20%,Dunehopper,
Sand Dunes,No Stampede,Dewthief Camembert,-,9.91%,Grubling Herder,
Sand Dunes,No Stampede,Dewthief Camembert,-,24.74%,Quesodillo,
Sand Dunes,No Stampede,Dewthief Camembert,-,20.11%,Sand Pilgrim,
Sand Dunes,No Stampede,Dewthief Camembert,-,20.04%,Spiky Devil,
Sand Dunes,Stampede,Dewthief Camembert,-,24.80%,Dunehopper,
Sand Dunes,Stampede,Dewthief Camembert,-,9.39%,Grubling Herder,
Sand Dunes,Stampede,Dewthief Camembert,-,25.55%,Quesodillo,
Sand Dunes,Stampede,Dewthief Camembert,-,19.88%,Sand Pilgrim,
Sand Dunes,Stampede,Dewthief Camembert,-,20.38%,Spiky Devil,
Sand Dunes,Stampede,Dewthief Camembert,Grubling Chow,19.11%,Dunehopper,
Sand Dunes,Stampede,Dewthief Camembert,Grubling Chow,24.54%,Grubling,
Sand Dunes,Stampede,Dewthief Camembert,Grubling Chow,7.54%,Grubling Herder,
Sand Dunes,Stampede,Dewthief Camembert,Grubling Chow,18.76%,Quesodillo,
Sand Dunes,Stampede,Dewthief Camembert,Grubling Chow,14.92%,Sand Pilgrim,
Sand Dunes,Stampede,Dewthief Camembert,Grubling Chow,15.14%,Spiky Devil,
Seasonal Garden,Winter,SB+,-,24.96%,Icicle,62034
Seasonal Garden,Winter,SB+,-,19.99%,Bruticle,
Seasonal Garden,Winter,SB+,-,19.95%,Frostbite,
Seasonal Garden,Winter,SB+,-,15.16%,Penguin,
Seasonal Garden,Winter,SB+,-,14.88%,Over-Prepared,
Seasonal Garden,Winter,SB+,-,5.06%,Winter Mage,
Seasonal Garden,Winter,Gouda,-,25.07%,Icicle,128522
Seasonal Garden,Winter,Gouda,-,19.93%,Frostbite,
Seasonal Garden,Winter,Gouda,-,19.94%,Bruticle,
Seasonal Garden,Winter,Gouda,-,15.17%,Penguin,
Seasonal Garden,Winter,Gouda,-,14.92%,Over-Prepared,
Seasonal Garden,Winter,Gouda,-,4.96%,Winter Mage,
Seasonal Garden,Winter,Brie,-,24.38%,Icicle,32673
Seasonal Garden,Winter,Brie,-,20.09%,Frostbite,
Seasonal Garden,Winter,Brie,-,20.07%,Bruticle,
Seasonal Garden,Winter,Brie,-,15.39%,Penguin,
Seasonal Garden,Winter,Brie,-,14.95%,Over-Prepared,
Seasonal Garden,Winter,Brie,-,5.11%,Winter Mage,
Seasonal Garden,Fall,SB+,-,34.90%,Harvest Harrier,87535
Seasonal Garden,Fall,SB+,-,20.25%,Pumpkin Head,
Seasonal Garden,Fall,SB+,-,19.84%,Scarecrow,
Seasonal Garden,Fall,SB+,-,14.96%,Whirleygig,
Seasonal Garden,Fall,SB+,-,5.03%,Fall Familiar,
Seasonal Garden,Fall,SB+,-,5.02%,Harvester,
Seasonal Garden,Fall,Gouda,-,36.83%,Harvest Harrier,120471
Seasonal Garden,Fall,Gouda,-,21.20%,Pumpkin Head,
Seasonal Garden,Fall,Gouda,-,21.08%,Scarecrow,
Seasonal Garden,Fall,Gouda,-,15.72%,Whirleygig,
Seasonal Garden,Fall,Gouda,-,5.17%,Harvester,
Seasonal Garden,Fall,Brie,-,36.89%,Harvest Harrier,29816
Seasonal Garden,Fall,Brie,-,21.23%,Pumpkin Head,
Seasonal Garden,Fall,Brie,-,20.97%,Scarecrow,
Seasonal Garden,Fall,Brie,-,15.46%,Whirleygig,
Seasonal Garden,Fall,Brie,-,5.46%,Harvester,
Seasonal Garden,Summer,SB+,-,24.73%,Stinger,62145
Seasonal Garden,Summer,SB+,-,20.35%,Firefly,
Seasonal Garden,Summer,SB+,-,19.91%,Firebreather,
Seasonal Garden,Summer,SB+,-,15.11%,Monarch,
Seasonal Garden,Summer,SB+,-,14.95%,Hot Head,
Seasonal Garden,Summer,SB+,-,4.96%,Summer Mage,
Seasonal Garden,Summer,Gouda,-,24.98%,Stinger,135693
Seasonal Garden,Summer,Gouda,-,20.27%,Firefly,
Seasonal Garden,Summer,Gouda,-,19.85%,Firebreather,
Seasonal Garden,Summer,Gouda,-,15.06%,Hot Head,
Seasonal Garden,Summer,Gouda,-,14.85%,Monarch,
Seasonal Garden,Summer,Gouda,-,4.99%,Summer Mage,
Seasonal Garden,Summer,Brie,-,24.83%,Stinger,36310
Seasonal Garden,Summer,Brie,-,20.02%,Firefly,
Seasonal Garden,Summer,Brie,-,19.88%,Firebreather,
Seasonal Garden,Summer,Brie,-,15.19%,Hot Head,
Seasonal Garden,Summer,Brie,-,14.94%,Monarch,
Seasonal Garden,Summer,Brie,-,5.14%,Summer Mage,
Seasonal Garden,Spring,SB+,-,35.24%,Puddlemancer,75804
Seasonal Garden,Spring,SB+,-,29.62%,Tanglefoot,
Seasonal Garden,Spring,SB+,-,15.11%,Hydrophobe,
Seasonal Garden,Spring,SB+,-,9.85%,Derpicorn,
Seasonal Garden,Spring,SB+,-,5.20%,Vinetail,
Seasonal Garden,Spring,SB+,-,4.98%,Spring Familiar,
Seasonal Garden,Spring,Gouda,-,36.88%,Puddlemancer,102344
Seasonal Garden,Spring,Gouda,-,31.67%,Tanglefoot,
Seasonal Garden,Spring,Gouda,-,15.67%,Hydrophobe,
Seasonal Garden,Spring,Gouda,-,10.44%,Derpicorn,
Seasonal Garden,Spring,Gouda,-,5.35%,Vinetail,
Seasonal Garden,Spring,Brie,-,36.99%,Puddlemancer,35406
Seasonal Garden,Spring,Brie,-,31.75%,Tanglefoot,
Seasonal Garden,Spring,Brie,-,15.58%,Hydrophobe,
Seasonal Garden,Spring,Brie,-,10.26%,Derpicorn,
Seasonal Garden,Spring,Brie,-,5.43%,Vinetail,
Slushy Shoreline,-,SB+,-,20.75%,Polar Bear,47249
Slushy Shoreline,-,SB+,-,20.31%,Snow Soldier,
Slushy Shoreline,-,SB+,-,16.71%,Incompetent Ice Climber,
Slushy Shoreline,-,SB+,-,13.27%,Living Ice,
Slushy Shoreline,-,SB+,-,10.92%,Snow Slinger,
Slushy Shoreline,-,SB+,-,10.61%,Chipper,
Slushy Shoreline,-,SB+,-,7.42%,Snow Bowler,
Slushy Shoreline,-,Gouda,-,18.66%,Incompetent Ice Climber,151735
Slushy Shoreline,-,Gouda,-,18.62%,Snow Soldier,
Slushy Shoreline,-,Gouda,-,18.48%,Polar Bear,
Slushy Shoreline,-,Gouda,-,15.98%,Snow Bowler,
Slushy Shoreline,-,Gouda,-,15.98%,Chipper,
Slushy Shoreline,-,Gouda,-,12.26%,Snow Slinger,
Slushy Shoreline,-,Brie,-,19.67%,Polar Bear,39291
Slushy Shoreline,-,Brie,-,19.39%,Snow Soldier,
Slushy Shoreline,-,Brie,-,19.17%,Incompetent Ice Climber,
Slushy Shoreline,-,Brie,-,15.11%,Chipper,
Slushy Shoreline,-,Brie,-,15.10%,Snow Bowler,
Slushy Shoreline,-,Brie,-,11.56%,Snow Slinger,
Slushy Shoreline,-,Swiss/Marble/Mozzarella,-,19.34%,Polar Bear,905
Slushy Shoreline,-,Swiss/Marble/Mozzarella,-,17.90%,Chipper,
Slushy Shoreline,-,Swiss/Marble/Mozzarella,-,17.02%,Snow Soldier,
Slushy Shoreline,-,Swiss/Marble/Mozzarella,-,16.91%,Incompetent Ice Climber,
Slushy Shoreline,-,Swiss/Marble/Mozzarella,-,16.80%,Snow Bowler,
Slushy Shoreline,-,Swiss/Marble/Mozzarella,-,12.04%,Snow Slinger,
Slushy Shoreline,-,SB+,Softserve,18.57%,Living Ice,94296
Slushy Shoreline,-,SB+,Softserve,15.07%,Chipper,
Slushy Shoreline,-,SB+,Softserve,10.46%,Snow Slinger,
Slushy Shoreline,-,SB+,Softserve,10.25%,Snow Sniper,
Slushy Shoreline,-,SB+,Softserve,10.00%,Snow Soldier,
Slushy Shoreline,-,SB+,Softserve,9.98%,Polar Bear,
Slushy Shoreline,-,SB+,Softserve,9.89%,Icebreaker,
Slushy Shoreline,-,SB+,Softserve,5.34%,Yeti,
Slushy Shoreline,-,SB+,Softserve,5.30%,Saboteur,
Slushy Shoreline,-,SB+,Softserve,5.13%,Snow Bowler,
Slushy Shoreline,-,Gouda,Softserve,15.05%,Chipper,366424
Slushy Shoreline,-,Gouda,Softserve,14.98%,Snow Sniper,
Slushy Shoreline,-,Gouda,Softserve,14.97%,Snow Slinger,
Slushy Shoreline,-,Gouda,Softserve,10.07%,Snow Soldier,
Slushy Shoreline,-,Gouda,Softserve,10.04%,Polar Bear,
Slushy Shoreline,-,Gouda,Softserve,9.96%,Saboteur,
Slushy Shoreline,-,Gouda,Softserve,9.94%,Yeti,
Slushy Shoreline,-,Gouda,Softserve,9.89%,Icebreaker,
Slushy Shoreline,-,Gouda,Softserve,5.12%,Snow Bowler,
Slushy Shoreline,-,Brie,Softserve,15.20%,Snow Slinger,106624
Slushy Shoreline,-,Brie,Softserve,15.06%,Chipper,
Slushy Shoreline,-,Brie,Softserve,14.84%,Snow Sniper,
Slushy Shoreline,-,Brie,Softserve,10.11%,Yeti,
Slushy Shoreline,-,Brie,Softserve,10.09%,Saboteur,
Slushy Shoreline,-,Brie,Softserve,10.06%,Snow Soldier,
Slushy Shoreline,-,Brie,Softserve,9.87%,Polar Bear,
Slushy Shoreline,-,Brie,Softserve,9.82%,Icebreaker,
Slushy Shoreline,-,Brie,Softserve,4.95%,Snow Bowler,
Slushy Shoreline,-,Swiss/Marble/Mozzarella,Softserve,15.78%,Chipper,1103
Slushy Shoreline,-,Swiss/Marble/Mozzarella,Softserve,14.42%,Snow Slinger,
Slushy Shoreline,-,Swiss/Marble/Mozzarella,Softserve,13.87%,Snow Sniper,
Slushy Shoreline,-,Swiss/Marble/Mozzarella,Softserve,12.69%,Polar Bear,
Slushy Shoreline,-,Swiss/Marble/Mozzarella,Softserve,10.15%,Snow Soldier,
Slushy Shoreline,-,Swiss/Marble/Mozzarella,Softserve,9.52%,Saboteur,
Slushy Shoreline,-,Swiss/Marble/Mozzarella,Softserve,9.43%,Icebreaker,
Slushy Shoreline,-,Swiss/Marble/Mozzarella,Softserve,9.25%,Yeti,
Slushy Shoreline,-,Swiss/Marble/Mozzarella,Softserve,4.90%,Snow Bowler,
Sunken City,Docked,Fishy Fromage,-,20.38%,Hydrologist,73404
Sunken City,Docked,Fishy Fromage,-,20.08%,Enginseer,
Sunken City,Docked,Fishy Fromage,-,15.82%,Elite Guardian,
Sunken City,Docked,Fishy Fromage,-,13.93%,Clumsy Carrier,
Sunken City,Docked,Fishy Fromage,-,10.00%,Sunken Citizen,
Sunken City,Docked,Fishy Fromage,-,9.90%,City Worker,
Sunken City,Docked,Fishy Fromage,-,4.98%,Oxygen Baron,
Sunken City,Docked,Fishy Fromage,-,4.90%,City Noble,
Sunken City,Docked,SB+,-,27.16%,Sunken Citizen,22967
Sunken City,Docked,SB+,-,27.04%,City Noble,
Sunken City,Docked,SB+,-,25.44%,City Worker,
Sunken City,Docked,SB+,-,20.36%,Hydrologist,
Sunken City,Docked,Gouda,-,39.00%,City Noble,50313
Sunken City,Docked,Gouda,-,36.09%,Sunken Citizen,
Sunken City,Docked,Gouda,-,24.90%,City Worker,
Sunken City,Docked,Brie,-,44.70%,Sunken Citizen,52720
Sunken City,Docked,Brie,-,40.13%,City Noble,
Sunken City,Docked,Brie,-,15.17%,City Worker,
Sunken City,Shallow Shoals,SB+,-,25.22%,Manatee,33129
Sunken City,Shallow Shoals,SB+,-,24.95%,Puffer,
Sunken City,Shallow Shoals,SB+,-,24.74%,Cuttle,
Sunken City,Shallow Shoals,SB+,-,15.32%,Mlounder Flounder,
Sunken City,Shallow Shoals,SB+,-,9.78%,Clownfish,
Sunken City,Shallow Shoals,Gouda,-,25.10%,Cuttle,84953
Sunken City,Shallow Shoals,Gouda,-,24.98%,Manatee,
Sunken City,Shallow Shoals,Gouda,-,24.78%,Puffer,
Sunken City,Shallow Shoals,Gouda,-,14.94%,Mlounder Flounder,
Sunken City,Shallow Shoals,Gouda,-,10.19%,Clownfish,
Sunken City,Coral Reef,SB+,-,25.20%,Seadragon,19109
Sunken City,Coral Reef,SB+,-,24.47%,Coral Cuddler,
Sunken City,Coral Reef,SB+,-,20.21%,Cuttle,
Sunken City,Coral Reef,SB+,-,19.61%,Coral,
Sunken City,Coral Reef,SB+,-,5.31%,Clownfish,
Sunken City,Coral Reef,SB+,-,5.20%,Mlounder Flounder,
Sunken City,Coral Reef,Gouda,-,24.99%,Seadragon,44041
Sunken City,Coral Reef,Gouda,-,24.59%,Coral Cuddler,
Sunken City,Coral Reef,Gouda,-,20.02%,Cuttle,
Sunken City,Coral Reef,Gouda,-,19.70%,Coral,
Sunken City,Coral Reef,Gouda,-,5.41%,Mlounder Flounder,
Sunken City,Coral Reef,Gouda,-,5.28%,Clownfish,
Sunken City,Coral Reef,Brie,-,25.26%,Coral Cuddler,2383
Sunken City,Coral Reef,Brie,-,24.21%,Seadragon,
Sunken City,Coral Reef,Brie,-,20.02%,Coral,
Sunken City,Coral Reef,Brie,-,19.01%,Cuttle,
Sunken City,Coral Reef,Brie,-,5.96%,Clownfish,
Sunken City,Coral Reef,Brie,-,5.54%,Mlounder Flounder,
Sunken City,School of Mice,SB+,-,25.06%,Guppy,18274
Sunken City,School of Mice,SB+,-,24.81%,School of Mish,
Sunken City,School of Mice,SB+,-,20.48%,Puffer,
Sunken City,School of Mice,SB+,-,19.58%,Tadpole,
Sunken City,School of Mice,SB+,-,5.06%,Clownfish,
Sunken City,School of Mice,SB+,-,5.00%,Mlounder Flounder,
Sunken City,School of Mice,Gouda,-,24.76%,School of Mish,44064
Sunken City,School of Mice,Gouda,-,24.68%,Guppy,
Sunken City,School of Mice,Gouda,-,20.23%,Puffer,
Sunken City,School of Mice,Gouda,-,20.10%,Tadpole,
Sunken City,School of Mice,Gouda,-,5.14%,Clownfish,
Sunken City,School of Mice,Gouda,-,5.08%,Mlounder Flounder,
Sunken City,School of Mice,Brie,-,24.42%,School of Mish,2527
Sunken City,School of Mice,Brie,-,24.38%,Guppy,
Sunken City,School of Mice,Brie,-,20.54%,Tadpole,
Sunken City,School of Mice,Brie,-,20.54%,Puffer,
Sunken City,School of Mice,Brie,-,5.54%,Clownfish,
Sunken City,School of Mice,Brie,-,4.59%,Mlounder Flounder,
Sunken City,Rocky Outcrop,SB+,-,25.27%,Bottom Feeder,17913
Sunken City,Rocky Outcrop,SB+,-,24.57%,Crabolia,
Sunken City,Rocky Outcrop,SB+,-,20.01%,Barnacle Beautician,
Sunken City,Rocky Outcrop,SB+,-,19.76%,Manatee,
Sunken City,Rocky Outcrop,SB+,-,5.26%,Clownfish,
Sunken City,Rocky Outcrop,SB+,-,5.13%,Mlounder Flounder,
Sunken City,Rocky Outcrop,Gouda,-,25.01%,Crabolia,44119
Sunken City,Rocky Outcrop,Gouda,-,24.28%,Bottom Feeder,
Sunken City,Rocky Outcrop,Gouda,-,20.25%,Manatee,
Sunken City,Rocky Outcrop,Gouda,-,20.04%,Barnacle Beautician,
Sunken City,Rocky Outcrop,Gouda,-,5.28%,Clownfish,
Sunken City,Rocky Outcrop,Gouda,-,5.15%,Mlounder Flounder,
Sunken City,Rocky Outcrop,Brie,-,25.20%,Bottom Feeder,2349
Sunken City,Rocky Outcrop,Brie,-,24.73%,Crabolia,
Sunken City,Rocky Outcrop,Brie,-,20.14%,Manatee,
Sunken City,Rocky Outcrop,Brie,-,19.41%,Barnacle Beautician,
Sunken City,Rocky Outcrop,Brie,-,5.49%,Mlounder Flounder,
Sunken City,Rocky Outcrop,Brie,-,5.02%,Clownfish,
Sunken City,Sand Dollar Sea Bar,SB+,-,34.88%,Sand Dollar Diver,29622
Sunken City,Sand Dollar Sea Bar,SB+,-,29.89%,Saltwater Axolotl,
Sunken City,Sand Dollar Sea Bar,SB+,-,24.88%,Sand Dollar Queen,
Sunken City,Sand Dollar Sea Bar,SB+,-,10.35%,Mlounder Flounder,
Sunken City,Sand Dollar Sea Bar,Gouda,-,35.04%,Sand Dollar Diver,36565
Sunken City,Sand Dollar Sea Bar,Gouda,-,30.25%,Saltwater Axolotl,
Sunken City,Sand Dollar Sea Bar,Gouda,-,24.71%,Sand Dollar Queen,
Sunken City,Sand Dollar Sea Bar,Gouda,-,10.01%,Mlounder Flounder,
Sunken City,Feeding Grounds,SB+,-,34.62%,Barracuda,8481
Sunken City,Feeding Grounds,SB+,-,30.04%,Spear Fisher,
Sunken City,Feeding Grounds,SB+,-,25.09%,Derpshark,
Sunken City,Feeding Grounds,SB+,-,10.25%,Clownfish,
Sunken City,Feeding Grounds,Gouda,-,35.64%,Barracuda,17292
Sunken City,Feeding Grounds,Gouda,-,29.39%,Spear Fisher,
Sunken City,Feeding Grounds,Gouda,-,24.94%,Derpshark,
Sunken City,Feeding Grounds,Gouda,-,10.03%,Clownfish,
Sunken City,Sea Floor,SB+,-,19.02%,Stingray,56295
Sunken City,Sea Floor,SB+,-,17.03%,Cuttle,
Sunken City,Sea Floor,SB+,-,16.69%,Puffer,
Sunken City,Sea Floor,SB+,-,16.15%,Jellyfish,
Sunken City,Sea Floor,SB+,-,16.01%,Koimaid,
Sunken City,Sea Floor,SB+,-,15.09%,Manatee,
Sunken City,Sea Floor,Gouda,-,18.99%,Stingray,169207
Sunken City,Sea Floor,Gouda,-,16.99%,Cuttle,
Sunken City,Sea Floor,Gouda,-,16.89%,Puffer,
Sunken City,Sea Floor,Gouda,-,16.20%,Koimaid,
Sunken City,Sea Floor,Gouda,-,15.97%,Jellyfish,
Sunken City,Sea Floor,Gouda,-,14.97%,Manatee,
Sunken City,Sea Floor,Brie,-,18.78%,Stingray,8920
Sunken City,Sea Floor,Brie,-,17.07%,Cuttle,
Sunken City,Sea Floor,Brie,-,16.77%,Puffer,
Sunken City,Sea Floor,Brie,-,16.70%,Jellyfish,
Sunken City,Sea Floor,Brie,-,15.57%,Koimaid,
Sunken City,Sea Floor,Brie,-,15.10%,Manatee,
Sunken City,Coral Garden,SB+,-,18.35%,Coral,38407
Sunken City,Coral Garden,SB+,-,17.86%,Seadragon,
Sunken City,Coral Garden,SB+,-,16.88%,Coral Gardener,
Sunken City,Coral Garden,SB+,-,16.59%,Coral Harvester,
Sunken City,Coral Garden,SB+,-,15.25%,Jellyfish,
Sunken City,Coral Garden,SB+,-,15.08%,Coral Dragon,
Sunken City,Coral Garden,Gouda,-,17.98%,Coral,102965
Sunken City,Coral Garden,Gouda,-,17.92%,Seadragon,
Sunken City,Coral Garden,Gouda,-,16.91%,Coral Harvester,
Sunken City,Coral Garden,Gouda,-,16.83%,Coral Gardener,
Sunken City,Coral Garden,Gouda,-,15.26%,Jellyfish,
Sunken City,Coral Garden,Gouda,-,15.10%,Coral Dragon,
Sunken City,Coral Garden,Brie,-,19.03%,Seadragon,4902
Sunken City,Coral Garden,Brie,-,17.69%,Coral,
Sunken City,Coral Garden,Brie,-,16.91%,Coral Gardener,
Sunken City,Coral Garden,Brie,-,16.77%,Coral Harvester,
Sunken City,Coral Garden,Brie,-,15.01%,Jellyfish,
Sunken City,Coral Garden,Brie,-,14.59%,Coral Dragon,
Sunken City,Mermouse Den,SB+,-,18.10%,Guppy,38285
Sunken City,Mermouse Den,SB+,-,18.06%,Tadpole,
Sunken City,Mermouse Den,SB+,-,16.86%,Octomermaid,
Sunken City,Mermouse Den,SB+,-,16.81%,Mermousette,
Sunken City,Mermouse Den,SB+,-,15.19%,Koimaid,
Sunken City,Mermouse Den,SB+,-,14.97%,Mershark,
Sunken City,Mermouse Den,Gouda,-,17.98%,Guppy,99846
Sunken City,Mermouse Den,Gouda,-,17.92%,Tadpole,
Sunken City,Mermouse Den,Gouda,-,17.08%,Octomermaid,
Sunken City,Mermouse Den,Gouda,-,16.91%,Mermousette,
Sunken City,Mermouse Den,Gouda,-,15.10%,Koimaid,
Sunken City,Mermouse Den,Gouda,-,15.01%,Mershark,
Sunken City,Mermouse Den,Brie,-,18.94%,Guppy,4672
Sunken City,Mermouse Den,Brie,-,17.14%,Octomermaid,
Sunken City,Mermouse Den,Brie,-,16.95%,Tadpole,
Sunken City,Mermouse Den,Brie,-,16.33%,Mermousette,
Sunken City,Mermouse Den,Brie,-,15.37%,Koimaid,
Sunken City,Mermouse Den,Brie,-,15.26%,Mershark,
Sunken City,Shipwreck,SB+,-,17.98%,Crabolia,38009
Sunken City,Shipwreck,SB+,-,17.76%,Barnacle Beautician,
Sunken City,Shipwreck,SB+,-,17.02%,Dread Pirate Mousert,
Sunken City,Shipwreck,SB+,-,16.93%,Pirate Anchor,
Sunken City,Shipwreck,SB+,-,15.26%,Stingray,
Sunken City,Shipwreck,SB+,-,15.04%,Deep Sea Diver,
Sunken City,Shipwreck,Gouda,-,18.08%,Barnacle Beautician,100136
Sunken City,Shipwreck,Gouda,-,17.95%,Crabolia,
Sunken City,Shipwreck,Gouda,-,17.00%,Dread Pirate Mousert,
Sunken City,Shipwreck,Gouda,-,16.95%,Pirate Anchor,
Sunken City,Shipwreck,Gouda,-,15.04%,Stingray,
Sunken City,Shipwreck,Gouda,-,14.98%,Deep Sea Diver,
Sunken City,Shipwreck,Brie,-,18.20%,Pirate Anchor,4841
Sunken City,Shipwreck,Brie,-,17.79%,Crabolia,
Sunken City,Shipwreck,Brie,-,17.58%,Barnacle Beautician,
Sunken City,Shipwreck,Brie,-,16.44%,Dread Pirate Mousert,
Sunken City,Shipwreck,Brie,-,15.02%,Deep Sea Diver,
Sunken City,Shipwreck,Brie,-,14.98%,Stingray,
Sunken City,Pearl Patch,SB+,-,35.43%,Sand Dollar Queen,51219
Sunken City,Pearl Patch,SB+,-,29.87%,Pearl Diver,
Sunken City,Pearl Patch,SB+,-,19.85%,Pearl,
Sunken City,Pearl Patch,SB+,-,14.84%,Saltwater Axolotl,
Sunken City,Pearl Patch,Gouda,-,35.00%,Sand Dollar Queen,73397
Sunken City,Pearl Patch,Gouda,-,29.94%,Pearl Diver,
Sunken City,Pearl Patch,Gouda,-,20.00%,Pearl,
Sunken City,Pearl Patch,Gouda,-,15.06%,Saltwater Axolotl,
Sunken City,Pearl Patch,Brie,-,34.35%,Sand Dollar Queen,3138
Sunken City,Pearl Patch,Brie,-,30.31%,Pearl Diver,
Sunken City,Pearl Patch,Brie,-,20.59%,Pearl,
Sunken City,Pearl Patch,Brie,-,14.75%,Saltwater Axolotl,
Sunken City,Carnivore Cove,SB+,-,28.64%,Derpshark,21446
Sunken City,Carnivore Cove,SB+,-,28.10%,Carnivore,
Sunken City,Carnivore Cove,SB+,-,24.41%,Spear Fisher,
Sunken City,Carnivore Cove,SB+,-,18.84%,Serpent Monster,
Sunken City,Carnivore Cove,Gouda,-,28.26%,Derpshark,47384
Sunken City,Carnivore Cove,Gouda,-,28.19%,Carnivore,
Sunken City,Carnivore Cove,Gouda,-,24.85%,Spear Fisher,
Sunken City,Carnivore Cove,Gouda,-,18.70%,Serpent Monster,
Sunken City,Carnivore Cove,Brie,-,28.46%,Derpshark,2442
Sunken City,Carnivore Cove,Brie,-,27.27%,Carnivore,
Sunken City,Carnivore Cove,Brie,-,24.24%,Spear Fisher,
Sunken City,Carnivore Cove,Brie,-,20.02%,Serpent Monster,
Sunken City,Murky Depths,SB+,-,18.95%,Eel,135814
Sunken City,Murky Depths,SB+,-,17.13%,Koimaid,
Sunken City,Murky Depths,SB+,-,16.85%,Jellyfish,
Sunken City,Murky Depths,SB+,-,16.14%,Angelfish,
Sunken City,Murky Depths,SB+,-,16.02%,Betta,
Sunken City,Murky Depths,SB+,-,14.91%,Stingray,
Sunken City,Murky Depths,Gouda,-,19.06%,Eel,318464
Sunken City,Murky Depths,Gouda,-,16.90%,Koimaid,
Sunken City,Murky Depths,Gouda,-,16.90%,Jellyfish,
Sunken City,Murky Depths,Gouda,-,16.17%,Angelfish,
Sunken City,Murky Depths,Gouda,-,16.08%,Betta,
Sunken City,Murky Depths,Gouda,-,14.89%,Stingray,
Sunken City,Murky Depths,Brie,-,19.32%,Eel,14887
Sunken City,Murky Depths,Brie,-,16.68%,Jellyfish,
Sunken City,Murky Depths,Brie,-,16.52%,Angelfish,
Sunken City,Murky Depths,Brie,-,16.46%,Koimaid,
Sunken City,Murky Depths,Brie,-,15.75%,Betta,
Sunken City,Murky Depths,Brie,-,15.26%,Stingray,
Sunken City,Coral Castle,SB+,-,17.99%,Coral Dragon,109971
Sunken City,Coral Castle,SB+,-,17.83%,Coral Gardener,
Sunken City,Coral Castle,SB+,-,17.07%,Turret Guard,
Sunken City,Coral Castle,SB+,-,16.82%,Coral Guard,
Sunken City,Coral Castle,SB+,-,15.28%,Angelfish,
Sunken City,Coral Castle,SB+,-,15.02%,Coral Queen,
Sunken City,Coral Castle,Gouda,-,17.99%,Coral Dragon,230914
Sunken City,Coral Castle,Gouda,-,17.86%,Coral Gardener,
Sunken City,Coral Castle,Gouda,-,17.06%,Turret Guard,
Sunken City,Coral Castle,Gouda,-,16.89%,Coral Guard,
Sunken City,Coral Castle,Gouda,-,15.24%,Angelfish,
Sunken City,Coral Castle,Gouda,-,14.95%,Coral Queen,
Sunken City,Coral Castle,Brie,-,18.02%,Coral Gardener,9567
Sunken City,Coral Castle,Brie,-,17.93%,Coral Dragon,
Sunken City,Coral Castle,Brie,-,16.85%,Turret Guard,
Sunken City,Coral Castle,Brie,-,16.76%,Coral Guard,
Sunken City,Coral Castle,Brie,-,15.54%,Angelfish,
Sunken City,Coral Castle,Brie,-,14.91%,Coral Queen,
Sunken City,Lost Ruins,SB+,-,17.62%,Mershark,108031
Sunken City,Lost Ruins,SB+,-,17.59%,Octomermaid,
Sunken City,Lost Ruins,SB+,-,16.84%,Angler,
Sunken City,Lost Ruins,SB+,-,16.50%,Old One,
Sunken City,Lost Ruins,SB+,-,14.87%,Urchin King,
Sunken City,Lost Ruins,SB+,-,14.82%,Betta,
Sunken City,Lost Ruins,Gouda,-,18.11%,Mershark,229268
Sunken City,Lost Ruins,Gouda,-,17.97%,Octomermaid,
Sunken City,Lost Ruins,Gouda,-,16.99%,Old One,
Sunken City,Lost Ruins,Gouda,-,16.94%,Angler,
Sunken City,Lost Ruins,Gouda,-,15.14%,Betta,
Sunken City,Lost Ruins,Gouda,-,14.85%,Urchin King,
Sunken City,Lost Ruins,Brie,-,18.05%,Mershark,9485
Sunken City,Lost Ruins,Brie,-,17.81%,Octomermaid,
Sunken City,Lost Ruins,Brie,-,16.92%,Old One,
Sunken City,Lost Ruins,Brie,-,16.52%,Angler,
Sunken City,Lost Ruins,Brie,-,15.52%,Betta,
Sunken City,Lost Ruins,Brie,-,15.18%,Urchin King,
Sunken City,Haunted Shipwreck,SB+,-,18.16%,Deep Sea Diver,109264
Sunken City,Haunted Shipwreck,SB+,-,17.88%,Pirate Anchor,
Sunken City,Haunted Shipwreck,SB+,-,17.09%,Sunken Banshee,
Sunken City,Haunted Shipwreck,SB+,-,16.90%,Swashblade,
Sunken City,Haunted Shipwreck,SB+,-,15.10%,Eel,
Sunken City,Haunted Shipwreck,SB+,-,14.87%,Deranged Deckhand,
Sunken City,Haunted Shipwreck,Gouda,-,17.95%,Deep Sea Diver,230854
Sunken City,Haunted Shipwreck,Gouda,-,17.93%,Pirate Anchor,
Sunken City,Haunted Shipwreck,Gouda,-,17.11%,Sunken Banshee,
Sunken City,Haunted Shipwreck,Gouda,-,16.87%,Swashblade,
Sunken City,Haunted Shipwreck,Gouda,-,15.12%,Eel,
Sunken City,Haunted Shipwreck,Gouda,-,15.01%,Deranged Deckhand,
Sunken City,Haunted Shipwreck,Brie,-,18.06%,Deep Sea Diver,9534
Sunken City,Haunted Shipwreck,Brie,-,17.55%,Pirate Anchor,
Sunken City,Haunted Shipwreck,Brie,-,17.02%,Sunken Banshee,
Sunken City,Haunted Shipwreck,Brie,-,16.67%,Swashblade,
Sunken City,Haunted Shipwreck,Brie,-,15.52%,Deranged Deckhand,
Sunken City,Haunted Shipwreck,Brie,-,15.18%,Eel,
Sunken City,Sunken Treasure,SB+,-,34.96%,Pearl,214330
Sunken City,Sunken Treasure,SB+,-,32.95%,Treasure Hoarder,
Sunken City,Sunken Treasure,SB+,-,20.04%,Pearl Diver,
Sunken City,Sunken Treasure,SB+,-,12.05%,Treasure Keeper,
Sunken City,Sunken Treasure,Gouda,-,35.13%,Pearl,212046
Sunken City,Sunken Treasure,Gouda,-,32.94%,Treasure Hoarder,
Sunken City,Sunken Treasure,Gouda,-,20.02%,Pearl Diver,
Sunken City,Sunken Treasure,Gouda,-,11.91%,Treasure Keeper,
Sunken City,Sunken Treasure,Brie,-,35.27%,Pearl,8023
Sunken City,Sunken Treasure,Brie,-,33.02%,Treasure Hoarder,
Sunken City,Sunken Treasure,Brie,-,19.63%,Pearl Diver,
Sunken City,Sunken Treasure,Brie,-,12.08%,Treasure Keeper,
Sunken City,Monster Trench,SB+,-,30.31%,Serpent Monster,146849
Sunken City,Monster Trench,SB+,-,29.96%,Ancient of the Deep,
Sunken City,Monster Trench,SB+,-,24.87%,Carnivore,
Sunken City,Monster Trench,SB+,-,14.86%,Tritus,
Sunken City,Monster Trench,Gouda,-,30.07%,Ancient of the Deep,162981
Sunken City,Monster Trench,Gouda,-,29.89%,Serpent Monster,
Sunken City,Monster Trench,Gouda,-,25.06%,Carnivore,
Sunken City,Monster Trench,Gouda,-,14.98%,Tritus,
Sunken City,Monster Trench,Brie,-,30.39%,Ancient of the Deep,6480
Sunken City,Monster Trench,Brie,-,29.97%,Serpent Monster,
Sunken City,Monster Trench,Brie,-,25.12%,Carnivore,
Sunken City,Monster Trench,Brie,-,14.52%,Tritus,
Sunken City,Oxygen Stream,SB+,-,19.50%,Stingray,10229
Sunken City,Oxygen Stream,SB+,-,17.46%,Cuttle,
Sunken City,Oxygen Stream,SB+,-,16.82%,Puffer,
Sunken City,Oxygen Stream,SB+,-,16.22%,Koimaid,
Sunken City,Oxygen Stream,SB+,-,15.30%,Jellyfish,
Sunken City,Oxygen Stream,SB+,-,14.69%,Manatee,
Sunken City,Oxygen Stream,Gouda,-,19.02%,Stingray,12967
Sunken City,Oxygen Stream,Gouda,-,17.07%,Cuttle,
Sunken City,Oxygen Stream,Gouda,-,16.77%,Puffer,
Sunken City,Oxygen Stream,Gouda,-,15.86%,Koimaid,
Sunken City,Oxygen Stream,Gouda,-,15.86%,Jellyfish,
Sunken City,Oxygen Stream,Gouda,-,15.42%,Manatee,
Sunken City,Oxygen Stream,Brie,-,19.02%,Stingray,12967
Sunken City,Oxygen Stream,Brie,-,17.07%,Cuttle,
Sunken City,Oxygen Stream,Brie,-,16.77%,Puffer,
Sunken City,Oxygen Stream,Brie,-,15.86%,Koimaid,
Sunken City,Oxygen Stream,Brie,-,15.86%,Jellyfish,
Sunken City,Oxygen Stream,Brie,-,15.42%,Manatee,
Sunken City,Deep Oxygen Stream,SB+,-,18.70%,Eel,29220
Sunken City,Deep Oxygen Stream,SB+,-,16.94%,Koimaid,
Sunken City,Deep Oxygen Stream,SB+,-,16.83%,Jellyfish,
Sunken City,Deep Oxygen Stream,SB+,-,16.27%,Betta,
Sunken City,Deep Oxygen Stream,SB+,-,16.21%,Angelfish,
Sunken City,Deep Oxygen Stream,SB+,-,15.05%,Stingray,
Sunken City,Deep Oxygen Stream,Gouda,-,18.94%,Eel,29327
Sunken City,Deep Oxygen Stream,Gouda,-,17.14%,Koimaid,
Sunken City,Deep Oxygen Stream,Gouda,-,16.98%,Jellyfish,
Sunken City,Deep Oxygen Stream,Gouda,-,16.03%,Betta,
Sunken City,Deep Oxygen Stream,Gouda,-,15.79%,Angelfish,
Sunken City,Deep Oxygen Stream,Gouda,-,15.12%,Stingray,
Sunken City,Magma Flow,SB+,-,19.17%,Eel,33998
Sunken City,Magma Flow,SB+,-,16.91%,Treasure Hoarder,
Sunken City,Magma Flow,SB+,-,16.77%,Treasure Keeper,
Sunken City,Magma Flow,SB+,-,16.33%,Betta,
Sunken City,Magma Flow,SB+,-,15.95%,Angelfish,
Sunken City,Magma Flow,SB+,-,14.86%,Serpent Monster,
Sunken City,Magma Flow,Gouda,-,19.37%,Eel,36363
Sunken City,Magma Flow,Gouda,-,16.99%,Treasure Keeper,
Sunken City,Magma Flow,Gouda,-,16.70%,Treasure Hoarder,
Sunken City,Magma Flow,Gouda,-,16.27%,Angelfish,
Sunken City,Magma Flow,Gouda,-,15.57%,Betta,
Sunken City,Magma Flow,Gouda,-,15.11%,Serpent Monster,
Sunken City,Lair of the Ancients,SB+,-,64.93%,Ancient of the Deep,23590
Sunken City,Lair of the Ancients,SB+,-,35.07%,Tritus,
Sunken City,Lair of the Ancients,Gouda,-,65.01%,Ancient of the Deep,14538
Sunken City,Lair of the Ancients,Gouda,-,34.99%,Tritus,
Tournament Hall,-,SB+,-,13.59%,Diamond,19499
Tournament Hall,-,SB+,-,13.33%,Gold,
Tournament Hall,-,SB+,-,13.07%,Dwarf,
Tournament Hall,-,SB+,-,12.95%,Lightning Rod,
Tournament Hall,-,SB+,-,12.80%,Pugilist,
Tournament Hall,-,SB+,-,6.62%,Flying,
Tournament Hall,-,SB+,-,6.61%,Burglar,
Tournament Hall,-,SB+,-,6.32%,Silvertail,
Tournament Hall,-,SB+,-,6.22%,Speedy,
Tournament Hall,-,SB+,-,5.01%,Crown Collector,
Tournament Hall,-,SB+,-,3.48%,Nibbler,
Tournament Hall,-,Gouda,-,19.80%,Lightning Rod,3691
Tournament Hall,-,Gouda,-,19.24%,Gold,
Tournament Hall,-,Gouda,-,19.10%,Pugilist,
Tournament Hall,-,Gouda,-,18.69%,Diamond,
Tournament Hall,-,Gouda,-,18.23%,Dwarf,
Tournament Hall,-,Gouda,-,1.73%,Relic Hunter,
Tournament Hall,-,Gouda,-,1.30%,Crown Collector,
Tournament Hall,-,Gouda,-,1.08%,Speedy,
Tournament Hall,-,Gouda,-,0.81%,Flying,
Tournament Hall,-,Brie,-,18.03%,Gold,5312
Tournament Hall,-,Brie,-,17.64%,Lightning Rod,
Tournament Hall,-,Brie,-,17.60%,Diamond,
Tournament Hall,-,Brie,-,17.02%,Pugilist,
Tournament Hall,-,Brie,-,16.43%,Dwarf,
Tournament Hall,-,Brie,-,8.38%,Burglar,
Tournament Hall,-,Brie,-,1.79%,Relic Hunter,
Tournament Hall,-,Brie,-,1.19%,Crown Collector,
Tournament Hall,-,Brie,-,1.07%,Flying,
Tournament Hall,-,Brie,-,0.85%,Speedy,
Tournament Hall,-,Swiss/Marble/Mozzarella/Cheddar,-,21.77%,Diamond,735
Tournament Hall,-,Swiss/Marble/Mozzarella/Cheddar,-,20.95%,Lightning Rod,
Tournament Hall,-,Swiss/Marble/Mozzarella/Cheddar,-,20.14%,Dwarf,
Tournament Hall,-,Swiss/Marble/Mozzarella/Cheddar,-,19.05%,Gold,
Tournament Hall,-,Swiss/Marble/Mozzarella/Cheddar,-,17.55%,Pugilist,
Tournament Hall,-,Swiss/Marble/Mozzarella/Cheddar,-,0.54%,Crown Collector,
Town of Digby,-,SB+,-,22.73%,Bionic,8135
Town of Digby,-,SB+,-,20.33%,Granite,
Town of Digby,-,SB+,-,18.24%,Steel,
Town of Digby,-,SB+,-,12.42%,Zombie,
Town of Digby,-,SB+,-,9.16%,Dwarf,
Town of Digby,-,SB+,-,5.59%,Gold,
Town of Digby,-,SB+,-,5.21%,Diamond,
Town of Digby,-,SB+,-,2.94%,Relic Hunter,
Town of Digby,-,SB+,-,1.49%,Mole,
Town of Digby,-,SB+,-,0.96%,Bat,
Town of Digby,-,SB+,-,0.93%,Nibbler,
Town of Digby,-,Gouda,-,24.88%,Bionic,5656
Town of Digby,-,Gouda,-,23.37%,Granite,
Town of Digby,-,Gouda,-,21.07%,Steel,
Town of Digby,-,Gouda,-,10.57%,Dwarf,
Town of Digby,-,Gouda,-,6.93%,Zombie,
Town of Digby,-,Gouda,-,6.03%,Gold,
Town of Digby,-,Gouda,-,5.75%,Diamond,
Town of Digby,-,Gouda,-,1.03%,Bat,
Town of Digby,-,Gouda,-,0.37%,Mole,
Town of Digby,-,Brie,-,25.14%,Bionic,10175
Town of Digby,-,Brie,-,22.88%,Granite,
Town of Digby,-,Brie,-,20.86%,Steel,
Town of Digby,-,Brie,-,10.09%,Dwarf,
Town of Digby,-,Brie,-,6.58%,Diamond,
Town of Digby,-,Brie,-,6.39%,Zombie,
Town of Digby,-,Brie,-,6.04%,Gold,
Town of Digby,-,Brie,-,1.31%,Bat,
Town of Digby,-,Brie,-,0.70%,Mole,
Town of Digby,-,Swiss/Marble/Mozzarella/Cheddar/White Cheddar,-,25.96%,Bionic,2831
Town of Digby,-,Swiss/Marble/Mozzarella/Cheddar/White Cheddar,-,22.85%,Granite,
Town of Digby,-,Swiss/Marble/Mozzarella/Cheddar/White Cheddar,-,19.75%,Steel,
Town of Digby,-,Swiss/Marble/Mozzarella/Cheddar/White Cheddar,-,10.84%,Dwarf,
Town of Digby,-,Swiss/Marble/Mozzarella/Cheddar/White Cheddar,-,7.14%,Diamond,
Town of Digby,-,Swiss/Marble/Mozzarella/Cheddar/White Cheddar,-,6.32%,Gold,
Town of Digby,-,Swiss/Marble/Mozzarella/Cheddar/White Cheddar,-,5.76%,Zombie,
Town of Digby,-,Swiss/Marble/Mozzarella/Cheddar/White Cheddar,-,1.02%,Bat,
Town of Digby,-,Swiss/Marble/Mozzarella/Cheddar/White Cheddar,-,0.35%,Mole,
Town of Digby,-,Limelight,-,16.60%,Industrious Digger,88030
Town of Digby,-,Limelight,-,14.19%,Stone Cutter,
Town of Digby,-,Limelight,-,12.28%,Demolitions,
Town of Digby,-,Limelight,-,10.28%,Rock Muncher,
Town of Digby,-,Limelight,-,10.19%,Core Sample,
Town of Digby,-,Limelight,-,10.11%,Miner,
Town of Digby,-,Limelight,-,8.33%,Itty-Bitty Burroughs,
Town of Digby,-,Limelight,-,8.27%,Lambent Crystal,
Town of Digby,-,Limelight,-,5.11%,Subterranean,
Town of Digby,-,Limelight,-,4.13%,Big Bad Burroughs,
Town of Digby,-,Limelight,-,0.50%,Nugget,
Town of Digby,-,Limelight,Mining,14.77%,Industrious Digger,48133
Town of Digby,-,Limelight,Mining,14.56%,Itty-Bitty Burroughs,
Town of Digby,-,Limelight,Mining,12.59%,Stone Cutter,
Town of Digby,-,Limelight,Mining,10.86%,Demolitions,
Town of Digby,-,Limelight,Mining,9.25%,Rock Muncher,
Town of Digby,-,Limelight,Mining,9.22%,Miner,
Town of Digby,-,Limelight,Mining,9.10%,Core Sample,
Town of Digby,-,Limelight,Mining,7.40%,Big Bad Burroughs,
Town of Digby,-,Limelight,Mining,7.27%,Lambent Crystal,
Town of Digby,-,Limelight,Mining,4.56%,Subterranean,
Town of Digby,-,Limelight,Mining,0.42%,Nugget,
Town of Gnawnia,-,Gilded,-,27.27%,Master Burglar,10172
Town of Gnawnia,-,Gilded,-,14.05%,Cowardly,
Town of Gnawnia,-,Gilded,-,11.72%,Diamond,
Town of Gnawnia,-,Gilded,-,11.55%,Dwarf,
Town of Gnawnia,-,Gilded,-,11.02%,Gold,
Town of Gnawnia,-,Gilded,-,4.66%,Grey,
Town of Gnawnia,-,Gilded,-,4.62%,Brown,
Town of Gnawnia,-,Gilded,-,4.26%,White,
Town of Gnawnia,-,Gilded,-,2.77%,Pugilist,
Town of Gnawnia,-,Gilded,-,1.91%,Steel,
Town of Gnawnia,-,Gilded,-,1.85%,Longtail,
Town of Gnawnia,-,Gilded,-,1.85%,Bionic,
Town of Gnawnia,-,Gilded,-,1.74%,Granite,
Town of Gnawnia,-,Gilded,-,0.74%,Zombie,
Town of Gnawnia,-,SB+,-,11.70%,Flying,25444
Town of Gnawnia,-,SB+,-,9.82%,Cowardly,
Town of Gnawnia,-,SB+,-,9.76%,Speedy,
Town of Gnawnia,-,SB+,-,6.58%,Master Burglar,
Town of Gnawnia,-,SB+,-,6.49%,White,
Town of Gnawnia,-,SB+,-,6.30%,Grey,
Town of Gnawnia,-,SB+,-,6.25%,Brown,
Town of Gnawnia,-,SB+,-,5.69%,Pugilist,
Town of Gnawnia,-,SB+,-,5.17%,Longtail,
Town of Gnawnia,-,SB+,-,4.79%,Nibbler,
Town of Gnawnia,-,SB+,-,4.35%,Magic,
Town of Gnawnia,-,SB+,-,3.93%,Dwarf,
Town of Gnawnia,-,SB+,-,3.81%,Silvertail,
Town of Gnawnia,-,SB+,-,3.60%,Bionic,
Town of Gnawnia,-,SB+,-,3.55%,Steel,
Town of Gnawnia,-,SB+,-,3.55%,Granite,
Town of Gnawnia,-,SB+,-,2.06%,Gold,
Town of Gnawnia,-,SB+,-,1.75%,Diamond,
Town of Gnawnia,-,SB+,-,0.85%,Zombie,
Town of Gnawnia,-,Gouda,-,13.10%,Cowardly,8567
Town of Gnawnia,-,Gouda,-,11.36%,Dwarf,
Town of Gnawnia,-,Gouda,-,10.07%,Pugilist,
Town of Gnawnia,-,Gouda,-,9.62%,Grey,
Town of Gnawnia,-,Gouda,-,9.30%,Brown,
Town of Gnawnia,-,Gouda,-,8.91%,White,
Town of Gnawnia,-,Gouda,-,5.88%,Flying,
Town of Gnawnia,-,Gouda,-,5.09%,Speedy,
Town of Gnawnia,-,Gouda,-,5.05%,Longtail,
Town of Gnawnia,-,Gouda,-,4.19%,Diamond,
Town of Gnawnia,-,Gouda,-,3.95%,Bionic,
Town of Gnawnia,-,Gouda,-,3.93%,Gold,
Town of Gnawnia,-,Gouda,-,3.92%,Granite,
Town of Gnawnia,-,Gouda,-,3.77%,Steel,
Town of Gnawnia,-,Gouda,-,1.86%,Zombie,
Town of Gnawnia,-,Brie,-,12.65%,Cowardly,27605
Town of Gnawnia,-,Brie,-,11.70%,Dwarf,
Town of Gnawnia,-,Brie,-,11.58%,Pugilist,
Town of Gnawnia,-,Brie,-,8.68%,White,
Town of Gnawnia,-,Brie,-,8.57%,Grey,
Town of Gnawnia,-,Brie,-,8.53%,Brown,
Town of Gnawnia,-,Brie,-,6.67%,Flying,
Town of Gnawnia,-,Brie,-,5.20%,Speedy,
Town of Gnawnia,-,Brie,-,4.85%,Longtail,
Town of Gnawnia,-,Brie,-,4.09%,Granite,
Town of Gnawnia,-,Brie,-,4.02%,Diamond,
Town of Gnawnia,-,Brie,-,3.95%,Bionic,
Town of Gnawnia,-,Brie,-,3.84%,Gold,
Town of Gnawnia,-,Brie,-,3.80%,Steel,
Town of Gnawnia,-,Brie,-,1.85%,Zombie,
Town of Gnawnia,-,Swiss,-,17.30%,Dwarf,9511
Town of Gnawnia,-,Swiss,-,12.49%,Cowardly,
Town of Gnawnia,-,Swiss,-,12.12%,Longtail,
Town of Gnawnia,-,Swiss,-,11.02%,Grey,
Town of Gnawnia,-,Swiss,-,10.95%,White,
Town of Gnawnia,-,Swiss,-,10.54%,Brown,
Town of Gnawnia,-,Swiss,-,5.00%,Pugilist,
Town of Gnawnia,-,Swiss,-,3.94%,Granite,
Town of Gnawnia,-,Swiss,-,3.89%,Gold,
Town of Gnawnia,-,Swiss,-,3.84%,Bionic,
Town of Gnawnia,-,Swiss,-,3.57%,Diamond,
Town of Gnawnia,-,Swiss,-,3.51%,Steel,
Town of Gnawnia,-,Swiss,-,1.83%,Zombie,
Town of Gnawnia,-,Marble/Mozzarella,-,22.18%,Cowardly,7073
Town of Gnawnia,-,Marble/Mozzarella,-,15.07%,Grey,
Town of Gnawnia,-,Marble/Mozzarella,-,14.94%,Brown,
Town of Gnawnia,-,Marble/Mozzarella,-,14.15%,White,
Town of Gnawnia,-,Marble/Mozzarella,-,12.31%,Dwarf,
Town of Gnawnia,-,Marble/Mozzarella,-,6.23%,Pugilist,
Town of Gnawnia,-,Marble/Mozzarella,-,4.98%,Longtail,
Town of Gnawnia,-,Marble/Mozzarella,-,2.05%,Diamond,
Town of Gnawnia,-,Marble/Mozzarella,-,2.05%,Gold,
Town of Gnawnia,-,Marble/Mozzarella,-,1.99%,Granite,
Town of Gnawnia,-,Marble/Mozzarella,-,1.68%,Steel,
Town of Gnawnia,-,Marble/Mozzarella,-,1.46%,Bionic,
Town of Gnawnia,-,Marble/Mozzarella,-,0.89%,Zombie,
Town of Gnawnia,-,Cheddar,-,20.21%,White,1806
Town of Gnawnia,-,Cheddar,-,18.44%,Brown,
Town of Gnawnia,-,Cheddar,-,17.33%,Grey,
Town of Gnawnia,-,Cheddar,-,15.73%,Cowardly,
Town of Gnawnia,-,Cheddar,-,11.18%,Dwarf,
Town of Gnawnia,-,Cheddar,-,3.60%,Pugilist,
Town of Gnawnia,-,Cheddar,-,2.55%,Bionic,
Town of Gnawnia,-,Cheddar,-,2.49%,Gold,
Town of Gnawnia,-,Cheddar,-,1.99%,Granite,
Town of Gnawnia,-,Cheddar,-,1.88%,Diamond,
Town of Gnawnia,-,Cheddar,-,1.77%,Steel,
Town of Gnawnia,-,Cheddar,-,1.72%,Longtail,
Town of Gnawnia,-,Cheddar,-,1.11%,Zombie,
Town of Gnawnia,-,White Cheddar,-,33.97%,Cowardly,2970
Town of Gnawnia,-,White Cheddar,-,28.45%,Dwarf,
Town of Gnawnia,-,White Cheddar,-,7.31%,Pugilist,
Town of Gnawnia,-,White Cheddar,-,4.95%,Granite,
Town of Gnawnia,-,White Cheddar,-,4.92%,Longtail,
Town of Gnawnia,-,White Cheddar,-,4.61%,Gold,
Town of Gnawnia,-,White Cheddar,-,4.58%,Steel,
Town of Gnawnia,-,White Cheddar,-,4.48%,Diamond,
Town of Gnawnia,-,White Cheddar,-,4.48%,Bionic,
Town of Gnawnia,-,White Cheddar,-,2.26%,Zombie,
Toxic Spill,Archduke/Archduchess,Rancid Radioactive Blue,-,14.28%,Slimefist,24970
Toxic Spill,Archduke/Archduchess,Rancid Radioactive Blue,-,10.73%,Telekinetic Mutant,
Toxic Spill,Archduke/Archduchess,Rancid Radioactive Blue,-,10.40%,Outbreak Assassin,
Toxic Spill,Archduke/Archduchess,Rancid Radioactive Blue,-,9.07%,Mutated Behemoth,
Toxic Spill,Archduke/Archduchess,Rancid Radioactive Blue,-,8.93%,Toxic Warrior,
Toxic Spill,Archduke/Archduchess,Rancid Radioactive Blue,-,8.89%,Mutant Mongrel,
Toxic Spill,Archduke/Archduchess,Rancid Radioactive Blue,-,8.46%,Sludge Swimmer,
Toxic Spill,Archduke/Archduchess,Rancid Radioactive Blue,-,5.77%,The Menace,
Toxic Spill,Archduke/Archduchess,Rancid Radioactive Blue,-,5.40%,Tentacle,
Toxic Spill,Archduke/Archduchess,Rancid Radioactive Blue,-,5.26%,Biohazard,
Toxic Spill,Archduke/Archduchess,Rancid Radioactive Blue,-,4.92%,Mutant Ninja,
Toxic Spill,Archduke/Archduchess,Rancid Radioactive Blue,-,2.97%,Sludge Soaker,
Toxic Spill,Archduke/Archduchess,Rancid Radioactive Blue,-,2.82%,Plague Hag,
Toxic Spill,Archduke/Archduchess,Rancid Radioactive Blue,-,2.09%,Scrap Metal Monster,
Toxic Spill,Archduke/Archduchess,Rancid Radioactive Blue,Super Rotten,13.13%,Hazmat,3373
Toxic Spill,Archduke/Archduchess,Rancid Radioactive Blue,Super Rotten,11.98%,Slimefist,
Toxic Spill,Archduke/Archduchess,Rancid Radioactive Blue,Super Rotten,8.89%,Outbreak Assassin,
Toxic Spill,Archduke/Archduchess,Rancid Radioactive Blue,Super Rotten,8.72%,Telekinetic Mutant,
Toxic Spill,Archduke/Archduchess,Rancid Radioactive Blue,Super Rotten,8.48%,Mutated Behemoth,
Toxic Spill,Archduke/Archduchess,Rancid Radioactive Blue,Super Rotten,7.50%,Sludge Swimmer,
Toxic Spill,Archduke/Archduchess,Rancid Radioactive Blue,Super Rotten,7.29%,Toxic Warrior,
Toxic Spill,Archduke/Archduchess,Rancid Radioactive Blue,Super Rotten,6.29%,Mutant Mongrel,
Toxic Spill,Archduke/Archduchess,Rancid Radioactive Blue,Super Rotten,5.69%,The Menace,
Toxic Spill,Archduke/Archduchess,Rancid Radioactive Blue,Super Rotten,4.71%,Biohazard,
Toxic Spill,Archduke/Archduchess,Rancid Radioactive Blue,Super Rotten,4.21%,Tentacle,
Toxic Spill,Archduke/Archduchess,Rancid Radioactive Blue,Super Rotten,3.85%,Mutant Ninja,
Toxic Spill,Archduke/Archduchess,Rancid Radioactive Blue,Super Rotten,3.53%,Lab Technician,
Toxic Spill,Archduke/Archduchess,Rancid Radioactive Blue,Super Rotten,2.22%,Plague Hag,
Toxic Spill,Archduke/Archduchess,Rancid Radioactive Blue,Super Rotten,1.84%,Sludge Soaker,
Toxic Spill,Archduke/Archduchess,Rancid Radioactive Blue,Super Rotten,1.66%,Scrap Metal Monster,
Toxic Spill,Archduke/Archduchess,Rancid Radioactive Blue,Rotten,14.13%,Lab Technician,1649
Toxic Spill,Archduke/Archduchess,Rancid Radioactive Blue,Rotten,11.16%,Slimefist,
Toxic Spill,Archduke/Archduchess,Rancid Radioactive Blue,Rotten,10.19%,Outbreak Assassin,
Toxic Spill,Archduke/Archduchess,Rancid Radioactive Blue,Rotten,9.22%,Telekinetic Mutant,
Toxic Spill,Archduke/Archduchess,Rancid Radioactive Blue,Rotten,8.37%,Sludge Swimmer,
Toxic Spill,Archduke/Archduchess,Rancid Radioactive Blue,Rotten,8.19%,Mutated Behemoth,
Toxic Spill,Archduke/Archduchess,Rancid Radioactive Blue,Rotten,8.00%,Toxic Warrior,
Toxic Spill,Archduke/Archduchess,Rancid Radioactive Blue,Rotten,7.40%,Mutant Mongrel,
Toxic Spill,Archduke/Archduchess,Rancid Radioactive Blue,Rotten,6.06%,The Menace,
Toxic Spill,Archduke/Archduchess,Rancid Radioactive Blue,Rotten,4.55%,Biohazard,
Toxic Spill,Archduke/Archduchess,Rancid Radioactive Blue,Rotten,4.06%,Tentacle,
Toxic Spill,Archduke/Archduchess,Rancid Radioactive Blue,Rotten,3.70%,Mutant Ninja,
Toxic Spill,Archduke/Archduchess,Rancid Radioactive Blue,Rotten,2.06%,Sludge Soaker,
Toxic Spill,Archduke/Archduchess,Rancid Radioactive Blue,Rotten,1.52%,Scrap Metal Monster,
Toxic Spill,Archduke/Archduchess,Rancid Radioactive Blue,Rotten,1.39%,Plague Hag,
Toxic Spill,Grand Duke/Grand Duchess,Rancid Radioactive Blue,-,12.27%,Telekinetic Mutant,132611
Toxic Spill,Grand Duke/Grand Duchess,Rancid Radioactive Blue,-,11.12%,Toxic Warrior,
Toxic Spill,Grand Duke/Grand Duchess,Rancid Radioactive Blue,-,11.12%,Outbreak Assassin,
Toxic Spill,Grand Duke/Grand Duchess,Rancid Radioactive Blue,-,9.90%,Mutant Mongrel,
Toxic Spill,Grand Duke/Grand Duchess,Rancid Radioactive Blue,-,8.99%,Slimefist,
Toxic Spill,Grand Duke/Grand Duchess,Rancid Radioactive Blue,-,7.81%,Plague Hag,
Toxic Spill,Grand Duke/Grand Duchess,Rancid Radioactive Blue,-,6.63%,Tentacle,
Toxic Spill,Grand Duke/Grand Duchess,Rancid Radioactive Blue,-,6.62%,Mutant Ninja,
Toxic Spill,Grand Duke/Grand Duchess,Rancid Radioactive Blue,-,5.68%,Sludge Swimmer,
Toxic Spill,Grand Duke/Grand Duchess,Rancid Radioactive Blue,-,5.58%,Sludge Soaker,
Toxic Spill,Grand Duke/Grand Duchess,Rancid Radioactive Blue,-,5.54%,Biohazard,
Toxic Spill,Grand Duke/Grand Duchess,Rancid Radioactive Blue,-,4.39%,The Menace,
Toxic Spill,Grand Duke/Grand Duchess,Rancid Radioactive Blue,-,4.37%,Scrap Metal Monster,
Toxic Spill,Grand Duke/Grand Duchess,Rancid Radioactive Blue,Super Rotten,13.56%,Hazmat,32448
Toxic Spill,Grand Duke/Grand Duchess,Rancid Radioactive Blue,Super Rotten,9.70%,Telekinetic Mutant,
Toxic Spill,Grand Duke/Grand Duchess,Rancid Radioactive Blue,Super Rotten,9.21%,Outbreak Assassin,
Toxic Spill,Grand Duke/Grand Duchess,Rancid Radioactive Blue,Super Rotten,8.87%,Toxic Warrior,
Toxic Spill,Grand Duke/Grand Duchess,Rancid Radioactive Blue,Super Rotten,8.08%,Mutant Mongrel,
Toxic Spill,Grand Duke/Grand Duchess,Rancid Radioactive Blue,Super Rotten,7.37%,Slimefist,
Toxic Spill,Grand Duke/Grand Duchess,Rancid Radioactive Blue,Super Rotten,6.35%,Plague Hag,
Toxic Spill,Grand Duke/Grand Duchess,Rancid Radioactive Blue,Super Rotten,5.43%,Mutant Ninja,
Toxic Spill,Grand Duke/Grand Duchess,Rancid Radioactive Blue,Super Rotten,5.41%,Tentacle,
Toxic Spill,Grand Duke/Grand Duchess,Rancid Radioactive Blue,Super Rotten,4.78%,Lab Technician,
Toxic Spill,Grand Duke/Grand Duchess,Rancid Radioactive Blue,Super Rotten,4.74%,Sludge Soaker,
Toxic Spill,Grand Duke/Grand Duchess,Rancid Radioactive Blue,Super Rotten,4.53%,Biohazard,
Toxic Spill,Grand Duke/Grand Duchess,Rancid Radioactive Blue,Super Rotten,4.45%,Sludge Swimmer,
Toxic Spill,Grand Duke/Grand Duchess,Rancid Radioactive Blue,Super Rotten,3.78%,Scrap Metal Monster,
Toxic Spill,Grand Duke/Grand Duchess,Rancid Radioactive Blue,Super Rotten,3.74%,The Menace,
Toxic Spill,Grand Duke/Grand Duchess,Rancid Radioactive Blue,Rotten,14.16%,Lab Technician,25298
Toxic Spill,Grand Duke/Grand Duchess,Rancid Radioactive Blue,Rotten,10.88%,Telekinetic Mutant,
Toxic Spill,Grand Duke/Grand Duchess,Rancid Radioactive Blue,Rotten,9.34%,Outbreak Assassin,
Toxic Spill,Grand Duke/Grand Duchess,Rancid Radioactive Blue,Rotten,9.25%,Toxic Warrior,
Toxic Spill,Grand Duke/Grand Duchess,Rancid Radioactive Blue,Rotten,8.75%,Mutant Mongrel,
Toxic Spill,Grand Duke/Grand Duchess,Rancid Radioactive Blue,Rotten,7.81%,Slimefist,
Toxic Spill,Grand Duke/Grand Duchess,Rancid Radioactive Blue,Rotten,6.50%,Plague Hag,
Toxic Spill,Grand Duke/Grand Duchess,Rancid Radioactive Blue,Rotten,6.10%,Tentacle,
Toxic Spill,Grand Duke/Grand Duchess,Rancid Radioactive Blue,Rotten,5.57%,Mutant Ninja,
Toxic Spill,Grand Duke/Grand Duchess,Rancid Radioactive Blue,Rotten,4.88%,Sludge Swimmer,
Toxic Spill,Grand Duke/Grand Duchess,Rancid Radioactive Blue,Rotten,4.82%,Sludge Soaker,
Toxic Spill,Grand Duke/Grand Duchess,Rancid Radioactive Blue,Rotten,4.49%,Biohazard,
Toxic Spill,Grand Duke/Grand Duchess,Rancid Radioactive Blue,Rotten,3.72%,Scrap Metal Monster,
Toxic Spill,Grand Duke/Grand Duchess,Rancid Radioactive Blue,Rotten,3.71%,The Menace,
Toxic Spill,Duke/Duchess,Rancid Radioactive Blue,-,14.66%,Slimefist,332533
Toxic Spill,Duke/Duchess,Rancid Radioactive Blue,-,14.65%,Toxic Warrior,
Toxic Spill,Duke/Duchess,Rancid Radioactive Blue,-,13.48%,Outbreak Assassin,
Toxic Spill,Duke/Duchess,Rancid Radioactive Blue,-,12.52%,Mutant Mongrel,
Toxic Spill,Duke/Duchess,Rancid Radioactive Blue,-,11.38%,Telekinetic Mutant,
Toxic Spill,Duke/Duchess,Rancid Radioactive Blue,-,6.83%,Plague Hag,
Toxic Spill,Duke/Duchess,Rancid Radioactive Blue,-,4.58%,Biohazard,
Toxic Spill,Duke/Duchess,Rancid Radioactive Blue,-,4.56%,Tentacle,
Toxic Spill,Duke/Duchess,Rancid Radioactive Blue,-,3.52%,Mutant Ninja,
Toxic Spill,Duke/Duchess,Rancid Radioactive Blue,-,2.40%,Sludge Soaker,
Toxic Spill,Duke/Duchess,Rancid Radioactive Blue,-,2.30%,Gelatinous Octahedron,
Toxic Spill,Duke/Duchess,Rancid Radioactive Blue,-,2.29%,Scrap Metal Monster,
Toxic Spill,Duke/Duchess,Rancid Radioactive Blue,-,1.17%,Mutated Siblings,
Toxic Spill,Duke/Duchess,Rancid Radioactive Blue,-,1.14%,Monster Tail,
Toxic Spill,Duke/Duchess,Rancid Radioactive Blue,-,1.13%,Bog Beast,
Toxic Spill,Duke/Duchess,Rancid Radioactive Blue,-,1.14%,Sludge,
Toxic Spill,Duke/Duchess,Rancid Radioactive Blue,-,1.13%,Spore,
Toxic Spill,Duke/Duchess,Rancid Radioactive Blue,-,1.12%,Swamp Runner,
Toxic Spill,Duke/Duchess,Rancid Radioactive Blue,Super Rotten,13.63%,Hazmat,100225
Toxic Spill,Duke/Duchess,Rancid Radioactive Blue,Super Rotten,12.00%,Slimefist,
Toxic Spill,Duke/Duchess,Rancid Radioactive Blue,Super Rotten,11.92%,Toxic Warrior,
Toxic Spill,Duke/Duchess,Rancid Radioactive Blue,Super Rotten,11.23%,Outbreak Assassin,
Toxic Spill,Duke/Duchess,Rancid Radioactive Blue,Super Rotten,10.05%,Mutant Mongrel,
Toxic Spill,Duke/Duchess,Rancid Radioactive Blue,Super Rotten,9.35%,Telekinetic Mutant,
Toxic Spill,Duke/Duchess,Rancid Radioactive Blue,Super Rotten,5.61%,Plague Hag,
Toxic Spill,Duke/Duchess,Rancid Radioactive Blue,Super Rotten,4.47%,Lab Technician,
Toxic Spill,Duke/Duchess,Rancid Radioactive Blue,Super Rotten,3.86%,Tentacle,
Toxic Spill,Duke/Duchess,Rancid Radioactive Blue,Super Rotten,3.85%,Biohazard,
Toxic Spill,Duke/Duchess,Rancid Radioactive Blue,Super Rotten,2.78%,Mutant Ninja,
Toxic Spill,Duke/Duchess,Rancid Radioactive Blue,Super Rotten,1.95%,Sludge Soaker,
Toxic Spill,Duke/Duchess,Rancid Radioactive Blue,Super Rotten,1.88%,Scrap Metal Monster,
Toxic Spill,Duke/Duchess,Rancid Radioactive Blue,Super Rotten,1.85%,Gelatinous Octahedron,
Toxic Spill,Duke/Duchess,Rancid Radioactive Blue,Super Rotten,0.97%,Sludge,
Toxic Spill,Duke/Duchess,Rancid Radioactive Blue,Super Rotten,0.95%,Bog Beast,
Toxic Spill,Duke/Duchess,Rancid Radioactive Blue,Super Rotten,0.94%,Swamp Runner,
Toxic Spill,Duke/Duchess,Rancid Radioactive Blue,Super Rotten,0.92%,Mutated Siblings,
Toxic Spill,Duke/Duchess,Rancid Radioactive Blue,Super Rotten,0.91%,Monster Tail,
Toxic Spill,Duke/Duchess,Rancid Radioactive Blue,Super Rotten,0.88%,Spore,
Toxic Spill,Duke/Duchess,Rancid Radioactive Blue,Rotten,14.42%,Lab Technician,126201
Toxic Spill,Duke/Duchess,Rancid Radioactive Blue,Rotten,12.58%,Slimefist,
Toxic Spill,Duke/Duchess,Rancid Radioactive Blue,Rotten,12.56%,Toxic Warrior,
Toxic Spill,Duke/Duchess,Rancid Radioactive Blue,Rotten,11.56%,Outbreak Assassin,
Toxic Spill,Duke/Duchess,Rancid Radioactive Blue,Rotten,10.75%,Mutant Mongrel,
Toxic Spill,Duke/Duchess,Rancid Radioactive Blue,Rotten,9.62%,Telekinetic Mutant,
Toxic Spill,Duke/Duchess,Rancid Radioactive Blue,Rotten,6.01%,Plague Hag,
Toxic Spill,Duke/Duchess,Rancid Radioactive Blue,Rotten,3.93%,Tentacle,
Toxic Spill,Duke/Duchess,Rancid Radioactive Blue,Rotten,3.85%,Biohazard,
Toxic Spill,Duke/Duchess,Rancid Radioactive Blue,Rotten,2.89%,Mutant Ninja,
Toxic Spill,Duke/Duchess,Rancid Radioactive Blue,Rotten,2.04%,Sludge Soaker,
Toxic Spill,Duke/Duchess,Rancid Radioactive Blue,Rotten,2.00%,Scrap Metal Monster,
Toxic Spill,Duke/Duchess,Rancid Radioactive Blue,Rotten,1.95%,Gelatinous Octahedron,
Toxic Spill,Duke/Duchess,Rancid Radioactive Blue,Rotten,1.00%,Spore,
Toxic Spill,Duke/Duchess,Rancid Radioactive Blue,Rotten,1.00%,Bog Beast,
Toxic Spill,Duke/Duchess,Rancid Radioactive Blue,Rotten,0.99%,Sludge,
Toxic Spill,Duke/Duchess,Rancid Radioactive Blue,Rotten,0.97%,Monster Tail,
Toxic Spill,Duke/Duchess,Rancid Radioactive Blue,Rotten,0.97%,Swamp Runner,
Toxic Spill,Duke/Duchess,Rancid Radioactive Blue,Rotten,0.93%,Mutated Siblings,
Toxic Spill,Count/Countess,Rancid Radioactive Blue,-,15.04%,Sludge Soaker,370824
Toxic Spill,Count/Countess,Rancid Radioactive Blue,-,15.00%,Plague Hag,
Toxic Spill,Count/Countess,Rancid Radioactive Blue,-,12.53%,Telekinetic Mutant,
Toxic Spill,Count/Countess,Rancid Radioactive Blue,-,12.41%,Biohazard,
Toxic Spill,Count/Countess,Rancid Radioactive Blue,-,12.38%,Tentacle,
Toxic Spill,Count/Countess,Rancid Radioactive Blue,-,8.63%,Mutant Ninja,
Toxic Spill,Count/Countess,Rancid Radioactive Blue,-,7.58%,Gelatinous Octahedron,
Toxic Spill,Count/Countess,Rancid Radioactive Blue,-,6.30%,Scrap Metal Monster,
Toxic Spill,Count/Countess,Rancid Radioactive Blue,-,2.55%,Monster Tail,
Toxic Spill,Count/Countess,Rancid Radioactive Blue,-,2.53%,Bog Beast,
Toxic Spill,Count/Countess,Rancid Radioactive Blue,-,1.27%,Sludge,
Toxic Spill,Count/Countess,Rancid Radioactive Blue,-,1.27%,Spore,
Toxic Spill,Count/Countess,Rancid Radioactive Blue,-,1.27%,Swamp Runner,
Toxic Spill,Count/Countess,Rancid Radioactive Blue,-,1.25%,Mutated Siblings,
Toxic Spill,Count/Countess,Rancid Radioactive Blue,Super Rotten,15.05%,Hazmat,126739
Toxic Spill,Count/Countess,Rancid Radioactive Blue,Super Rotten,12.19%,Plague Hag,
Toxic Spill,Count/Countess,Rancid Radioactive Blue,Super Rotten,12.11%,Sludge Soaker,
Toxic Spill,Count/Countess,Rancid Radioactive Blue,Super Rotten,9.90%,Tentacle,
Toxic Spill,Count/Countess,Rancid Radioactive Blue,Super Rotten,9.87%,Biohazard,
Toxic Spill,Count/Countess,Rancid Radioactive Blue,Super Rotten,9.80%,Telekinetic Mutant,
Toxic Spill,Count/Countess,Rancid Radioactive Blue,Super Rotten,7.01%,Mutant Ninja,
Toxic Spill,Count/Countess,Rancid Radioactive Blue,Super Rotten,6.00%,Gelatinous Octahedron,
Toxic Spill,Count/Countess,Rancid Radioactive Blue,Super Rotten,5.03%,Scrap Metal Monster,
Toxic Spill,Count/Countess,Rancid Radioactive Blue,Super Rotten,5.02%,Lab Technician,
Toxic Spill,Count/Countess,Rancid Radioactive Blue,Super Rotten,2.04%,Bog Beast,
Toxic Spill,Count/Countess,Rancid Radioactive Blue,Super Rotten,1.98%,Monster Tail,
Toxic Spill,Count/Countess,Rancid Radioactive Blue,Super Rotten,1.04%,Mutated Siblings,
Toxic Spill,Count/Countess,Rancid Radioactive Blue,Super Rotten,1.02%,Sludge,
Toxic Spill,Count/Countess,Rancid Radioactive Blue,Super Rotten,0.99%,Swamp Runner,
Toxic Spill,Count/Countess,Rancid Radioactive Blue,Super Rotten,0.98%,Spore,
Toxic Spill,Count/Countess,Rancid Radioactive Blue,Rotten,15.69%,Lab Technician,178220
Toxic Spill,Count/Countess,Rancid Radioactive Blue,Rotten,12.72%,Plague Hag,
Toxic Spill,Count/Countess,Rancid Radioactive Blue,Rotten,12.63%,Sludge Soaker,
Toxic Spill,Count/Countess,Rancid Radioactive Blue,Rotten,10.55%,Telekinetic Mutant,
Toxic Spill,Count/Countess,Rancid Radioactive Blue,Rotten,10.48%,Tentacle,
Toxic Spill,Count/Countess,Rancid Radioactive Blue,Rotten,10.46%,Biohazard,
Toxic Spill,Count/Countess,Rancid Radioactive Blue,Rotten,7.36%,Mutant Ninja,
Toxic Spill,Count/Countess,Rancid Radioactive Blue,Rotten,6.38%,Gelatinous Octahedron,
Toxic Spill,Count/Countess,Rancid Radioactive Blue,Rotten,5.32%,Scrap Metal Monster,
Toxic Spill,Count/Countess,Rancid Radioactive Blue,Rotten,2.09%,Monster Tail,
Toxic Spill,Count/Countess,Rancid Radioactive Blue,Rotten,2.07%,Bog Beast,
Toxic Spill,Count/Countess,Rancid Radioactive Blue,Rotten,1.08%,Mutated Siblings,
Toxic Spill,Count/Countess,Rancid Radioactive Blue,Rotten,1.09%,Sludge,
Toxic Spill,Count/Countess,Rancid Radioactive Blue,Rotten,1.07%,Spore,
Toxic Spill,Count/Countess,Rancid Radioactive Blue,Rotten,1.02%,Swamp Runner,
Toxic Spill,Baron/Baroness,Rancid Radioactive Blue,-,27.28%,Plague Hag,202988
Toxic Spill,Baron/Baroness,Rancid Radioactive Blue,-,26.16%,Sludge Soaker,
Toxic Spill,Baron/Baroness,Rancid Radioactive Blue,-,22.45%,Gelatinous Octahedron,
Toxic Spill,Baron/Baroness,Rancid Radioactive Blue,-,6.28%,Monster Tail,
Toxic Spill,Baron/Baroness,Rancid Radioactive Blue,-,6.28%,Scrap Metal Monster,
Toxic Spill,Baron/Baroness,Rancid Radioactive Blue,-,5.13%,Spore,
Toxic Spill,Baron/Baroness,Rancid Radioactive Blue,-,2.51%,Bog Beast,
Toxic Spill,Baron/Baroness,Rancid Radioactive Blue,-,1.39%,Sludge,
Toxic Spill,Baron/Baroness,Rancid Radioactive Blue,-,1.27%,Swamp Runner,
Toxic Spill,Baron/Baroness,Rancid Radioactive Blue,-,1.24%,Mutated Siblings,
Toxic Spill,Baron/Baroness,Rancid Radioactive Blue,Super Rotten,21.71%,Plague Hag,81599
Toxic Spill,Baron/Baroness,Rancid Radioactive Blue,Super Rotten,21.04%,Sludge Soaker,
Toxic Spill,Baron/Baroness,Rancid Radioactive Blue,Super Rotten,17.86%,Gelatinous Octahedron,
Toxic Spill,Baron/Baroness,Rancid Radioactive Blue,Super Rotten,14.96%,Hazmat,
Toxic Spill,Baron/Baroness,Rancid Radioactive Blue,Super Rotten,5.13%,Monster Tail,
Toxic Spill,Baron/Baroness,Rancid Radioactive Blue,Super Rotten,5.05%,Scrap Metal Monster,
Toxic Spill,Baron/Baroness,Rancid Radioactive Blue,Super Rotten,4.95%,Lab Technician,
Toxic Spill,Baron/Baroness,Rancid Radioactive Blue,Super Rotten,4.04%,Spore,
Toxic Spill,Baron/Baroness,Rancid Radioactive Blue,Super Rotten,2.05%,Bog Beast,
Toxic Spill,Baron/Baroness,Rancid Radioactive Blue,Super Rotten,1.16%,Sludge,
Toxic Spill,Baron/Baroness,Rancid Radioactive Blue,Super Rotten,1.05%,Mutated Siblings,
Toxic Spill,Baron/Baroness,Rancid Radioactive Blue,Super Rotten,1.01%,Swamp Runner,
Toxic Spill,Baron/Baroness,Rancid Radioactive Blue,Rotten,23.13%,Plague Hag,115945
Toxic Spill,Baron/Baroness,Rancid Radioactive Blue,Rotten,22.03%,Sludge Soaker,
Toxic Spill,Baron/Baroness,Rancid Radioactive Blue,Rotten,18.85%,Gelatinous Octahedron,
Toxic Spill,Baron/Baroness,Rancid Radioactive Blue,Rotten,15.67%,Lab Technician,
Toxic Spill,Baron/Baroness,Rancid Radioactive Blue,Rotten,5.38%,Monster Tail,
Toxic Spill,Baron/Baroness,Rancid Radioactive Blue,Rotten,5.28%,Scrap Metal Monster,
Toxic Spill,Baron/Baroness,Rancid Radioactive Blue,Rotten,4.20%,Spore,
Toxic Spill,Baron/Baroness,Rancid Radioactive Blue,Rotten,2.13%,Bog Beast,
Toxic Spill,Baron/Baroness,Rancid Radioactive Blue,Rotten,1.14%,Sludge,
Toxic Spill,Baron/Baroness,Rancid Radioactive Blue,Rotten,1.10%,Swamp Runner,
Toxic Spill,Baron/Baroness,Rancid Radioactive Blue,Rotten,1.09%,Mutated Siblings,
Toxic Spill,Lord/Lady,Rancid Radioactive Blue,-,17.54%,Gelatinous Octahedron,163813
Toxic Spill,Lord/Lady,Rancid Radioactive Blue,-,17.31%,Sludge,
Toxic Spill,Lord/Lady,Rancid Radioactive Blue,-,13.95%,Monster Tail,
Toxic Spill,Lord/Lady,Rancid Radioactive Blue,-,13.90%,Spore,
Toxic Spill,Lord/Lady,Rancid Radioactive Blue,-,11.15%,Plague Hag,
Toxic Spill,Lord/Lady,Rancid Radioactive Blue,-,11.00%,Sludge Soaker,
Toxic Spill,Lord/Lady,Rancid Radioactive Blue,-,6.31%,Scrap Metal Monster,
Toxic Spill,Lord/Lady,Rancid Radioactive Blue,-,3.74%,Mutated Siblings,
Toxic Spill,Lord/Lady,Rancid Radioactive Blue,-,2.55%,Bog Beast,
Toxic Spill,Lord/Lady,Rancid Radioactive Blue,-,2.55%,Swamp Runner,
Toxic Spill,Lord/Lady,Rancid Radioactive Blue,Super Rotten,14.89%,Hazmat,63380
Toxic Spill,Lord/Lady,Rancid Radioactive Blue,Super Rotten,14.04%,Gelatinous Octahedron,
Toxic Spill,Lord/Lady,Rancid Radioactive Blue,Super Rotten,13.83%,Sludge,
Toxic Spill,Lord/Lady,Rancid Radioactive Blue,Super Rotten,11.26%,Spore,
Toxic Spill,Lord/Lady,Rancid Radioactive Blue,Super Rotten,11.03%,Monster Tail,
Toxic Spill,Lord/Lady,Rancid Radioactive Blue,Super Rotten,9.04%,Plague Hag,
Toxic Spill,Lord/Lady,Rancid Radioactive Blue,Super Rotten,8.86%,Sludge Soaker,
Toxic Spill,Lord/Lady,Rancid Radioactive Blue,Super Rotten,4.98%,Lab Technician,
Toxic Spill,Lord/Lady,Rancid Radioactive Blue,Super Rotten,4.96%,Scrap Metal Monster,
Toxic Spill,Lord/Lady,Rancid Radioactive Blue,Super Rotten,3.11%,Mutated Siblings,
Toxic Spill,Lord/Lady,Rancid Radioactive Blue,Super Rotten,2.02%,Bog Beast,
Toxic Spill,Lord/Lady,Rancid Radioactive Blue,Super Rotten,1.98%,Swamp Runner,
Toxic Spill,Lord/Lady,Rancid Radioactive Blue,Rotten,15.61%,Lab Technician,87278
Toxic Spill,Lord/Lady,Rancid Radioactive Blue,Rotten,14.78%,Sludge,
Toxic Spill,Lord/Lady,Rancid Radioactive Blue,Rotten,14.73%,Gelatinous Octahedron,
Toxic Spill,Lord/Lady,Rancid Radioactive Blue,Rotten,11.72%,Monster Tail,
Toxic Spill,Lord/Lady,Rancid Radioactive Blue,Rotten,11.67%,Spore,
Toxic Spill,Lord/Lady,Rancid Radioactive Blue,Rotten,9.51%,Sludge Soaker,
Toxic Spill,Lord/Lady,Rancid Radioactive Blue,Rotten,9.48%,Plague Hag,
Toxic Spill,Lord/Lady,Rancid Radioactive Blue,Rotten,5.10%,Scrap Metal Monster,
Toxic Spill,Lord/Lady,Rancid Radioactive Blue,Rotten,3.10%,Mutated Siblings,
Toxic Spill,Lord/Lady,Rancid Radioactive Blue,Rotten,2.16%,Bog Beast,
Toxic Spill,Lord/Lady,Rancid Radioactive Blue,Rotten,2.15%,Swamp Runner,
Toxic Spill,Knight,Rancid Radioactive Blue,-,32.78%,Spore,96647
Toxic Spill,Knight,Rancid Radioactive Blue,-,32.44%,Monster Tail,
Toxic Spill,Knight,Rancid Radioactive Blue,-,14.28%,Sludge,
Toxic Spill,Knight,Rancid Radioactive Blue,-,5.72%,Gelatinous Octahedron,
Toxic Spill,Knight,Rancid Radioactive Blue,-,5.14%,Swamp Runner,
Toxic Spill,Knight,Rancid Radioactive Blue,-,4.97%,Mutated Siblings,
Toxic Spill,Knight,Rancid Radioactive Blue,-,4.68%,Bog Beast,
Toxic Spill,Knight,Rancid Radioactive Blue,Super Rotten,26.50%,Monster Tail,37208
Toxic Spill,Knight,Rancid Radioactive Blue,Super Rotten,26.33%,Spore,
Toxic Spill,Knight,Rancid Radioactive Blue,Super Rotten,14.21%,Hazmat,
Toxic Spill,Knight,Rancid Radioactive Blue,Super Rotten,11.91%,Sludge,
Toxic Spill,Knight,Rancid Radioactive Blue,Super Rotten,4.67%,Gelatinous Octahedron,
Toxic Spill,Knight,Rancid Radioactive Blue,Super Rotten,4.55%,Lab Technician,
Toxic Spill,Knight,Rancid Radioactive Blue,Super Rotten,4.10%,Swamp Runner,
Toxic Spill,Knight,Rancid Radioactive Blue,Super Rotten,3.97%,Mutated Siblings,
Toxic Spill,Knight,Rancid Radioactive Blue,Super Rotten,3.76%,Bog Beast,
Toxic Spill,Knight,Rancid Radioactive Blue,Rotten,27.75%,Spore,43979
Toxic Spill,Knight,Rancid Radioactive Blue,Rotten,27.67%,Monster Tail,
Toxic Spill,Knight,Rancid Radioactive Blue,Rotten,15.00%,Lab Technician,
Toxic Spill,Knight,Rancid Radioactive Blue,Rotten,12.11%,Sludge,
Toxic Spill,Knight,Rancid Radioactive Blue,Rotten,5.08%,Gelatinous Octahedron,
Toxic Spill,Knight,Rancid Radioactive Blue,Rotten,4.33%,Mutated Siblings,
Toxic Spill,Knight,Rancid Radioactive Blue,Rotten,4.25%,Swamp Runner,
Toxic Spill,Knight,Rancid Radioactive Blue,Rotten,3.82%,Bog Beast,
Toxic Spill,Hero,Rancid Radioactive Blue,-,26.16%,Swamp Runner,76756
Toxic Spill,Hero,Rancid Radioactive Blue,-,24.36%,Mutated Siblings,
Toxic Spill,Hero,Rancid Radioactive Blue,-,23.68%,Sludge,
Toxic Spill,Hero,Rancid Radioactive Blue,-,11.95%,Spore,
Toxic Spill,Hero,Rancid Radioactive Blue,-,10.41%,Monster Tail,
Toxic Spill,Hero,Rancid Radioactive Blue,-,3.44%,Bog Beast,
Toxic Spill,Hero,Rancid Radioactive Blue,Super Rotten,20.99%,Swamp Runner,26069
Toxic Spill,Hero,Rancid Radioactive Blue,Super Rotten,20.51%,Mutated Siblings,
Toxic Spill,Hero,Rancid Radioactive Blue,Super Rotten,18.95%,Sludge,
Toxic Spill,Hero,Rancid Radioactive Blue,Super Rotten,13.96%,Hazmat,
Toxic Spill,Hero,Rancid Radioactive Blue,Super Rotten,9.26%,Spore,
Toxic Spill,Hero,Rancid Radioactive Blue,Super Rotten,8.49%,Monster Tail,
Toxic Spill,Hero,Rancid Radioactive Blue,Super Rotten,4.81%,Lab Technician,
Toxic Spill,Hero,Rancid Radioactive Blue,Super Rotten,3.03%,Bog Beast,
Toxic Spill,Hero,Rancid Radioactive Blue,Rotten,21.95%,Swamp Runner,32407
Toxic Spill,Hero,Rancid Radioactive Blue,Rotten,20.86%,Mutated Siblings,
Toxic Spill,Hero,Rancid Radioactive Blue,Rotten,20.14%,Sludge,
Toxic Spill,Hero,Rancid Radioactive Blue,Rotten,15.08%,Lab Technician,
Toxic Spill,Hero,Rancid Radioactive Blue,Rotten,9.87%,Spore,
Toxic Spill,Hero,Rancid Radioactive Blue,Rotten,8.96%,Monster Tail,
Toxic Spill,Hero,Rancid Radioactive Blue,Rotten,3.14%,Bog Beast,
Training Grounds,-,Gouda/Brie/Swiss/White Cheddar/Marble/Mozzarella/Cheddar,-,27.19%,Archer,
Training Grounds,-,Gouda/Brie/Swiss/White Cheddar/Marble/Mozzarella/Cheddar,-,12.86%,White,
Training Grounds,-,Gouda/Brie/Swiss/White Cheddar/Marble/Mozzarella/Cheddar,-,12.45%,Dwarf,
Training Grounds,-,Gouda/Brie/Swiss/White Cheddar/Marble/Mozzarella/Cheddar,-,10.81%,Monk,
Training Grounds,-,Gouda/Brie/Swiss/White Cheddar/Marble/Mozzarella/Cheddar,-,10.94%,Kung Fu,
Training Grounds,-,Gouda/Brie/Swiss/White Cheddar/Marble/Mozzarella/Cheddar,-,8.57%,Ninja,
Training Grounds,-,Gouda/Brie/Swiss/White Cheddar/Marble/Mozzarella/Cheddar,-,6.35%,Samurai,
Training Grounds,-,Gouda/Brie/Swiss/White Cheddar/Marble/Mozzarella/Cheddar,-,5.48%,Diamond,
Training Grounds,-,Gouda/Brie/Swiss/White Cheddar/Marble/Mozzarella/Cheddar,-,5.34%,Gold,
Training Grounds,-,SB+,-,31.34%,Archer,
Training Grounds,-,SB+,-,12.39%,Kung Fu,
Training Grounds,-,SB+,-,12.28%,Monk,
Training Grounds,-,SB+,-,10.39%,Ninja,
Training Grounds,-,SB+,-,7.73%,Samurai,
Training Grounds,-,SB+,-,6.36%,Gold,
Training Grounds,-,SB+,-,6.54%,Diamond,
Training Grounds,-,SB+,-,4.30%,Worker,
Training Grounds,-,SB+,-,3.77%,Dwarf,
Training Grounds,-,SB+,-,3.09%,Dumpling Chef,
Training Grounds,-,SB+,-,1.21%,Nibbler,
Training Grounds,-,SB+,-,0.59%,Black Widow,
Twisted Garden,Not Poured,Duskshade Camembert,-,20.03%,Barkshell,
Twisted Garden,Not Poured,Duskshade Camembert,-,15.18%,Camofusion,
Twisted Garden,Not Poured,Duskshade Camembert,-,14.80%,Fungal Spore,
Twisted Garden,Not Poured,Duskshade Camembert,-,19.84%,Thorn,
Twisted Garden,Not Poured,Duskshade Camembert,-,10.11%,Twisted Hotcakes,
Twisted Garden,Not Poured,Duskshade Camembert,-,20.03%,Twisted Lilly,
Twisted Garden,Not Poured,Lunaria Camembert,-,34.93%,Camofusion,
Twisted Garden,Not Poured,Lunaria Camembert,-,35.44%,Fungal Spore,
Twisted Garden,Not Poured,Lunaria Camembert,-,29.63%,Twisted Carmine,
Twisted Garden,Not Poured,Lunaria Camembert,Shattering,38.86%,Camofusion,
Twisted Garden,Not Poured,Lunaria Camembert,Shattering,36.57%,Fungal Spore,
Twisted Garden,Not Poured,Lunaria Camembert,Shattering,24.57%,Shattered Carmine,
Twisted Garden,Poured,Duskshade Camembert,-,18.13%,Barkshell,
Twisted Garden,Poured,Duskshade Camembert,-,13.69%,Camofusion,
Twisted Garden,Poured,Duskshade Camembert,-,9.61%,Dehydrated,
Twisted Garden,Poured,Duskshade Camembert,-,13.67%,Fungal Spore,
Twisted Garden,Poured,Duskshade Camembert,-,18.03%,Thorn,
Twisted Garden,Poured,Duskshade Camembert,-,8.89%,Twisted Hotcakes,
Twisted Garden,Poured,Duskshade Camembert,-,17.96%,Twisted Lilly,
Twisted Garden,Poured,Lunaria Camembert,-,34.93%,Camofusion,
Twisted Garden,Poured,Lunaria Camembert,-,35.44%,Fungal Spore,
Twisted Garden,Poured,Lunaria Camembert,-,29.63%,Twisted Carmine,
Twisted Garden,Poured,Lunaria Camembert,Shattering,38.86%,Camofusion,
Twisted Garden,Poured,Lunaria Camembert,Shattering,36.57%,Fungal Spore,
Twisted Garden,Poured,Lunaria Camembert,Shattering,24.57%,Shattered Carmine,
Whisker Woods Rift,Low/Low/Low,Brie String,-,11.33%,Spirit of Balance,305162
Whisker Woods Rift,Low/Low/Low,Brie String,-,11.29%,Fungal Frog,
Whisker Woods Rift,Low/Low/Low,Brie String,-,11.25%,Karmachameleon,
Whisker Woods Rift,Low/Low/Low,Brie String,-,11.16%,Twisted Treant,
Whisker Woods Rift,Low/Low/Low,Brie String,-,11.14%,Crazed Goblin,
Whisker Woods Rift,Low/Low/Low,Brie String,-,11.12%,Water Sprite,
Whisker Woods Rift,Low/Low/Low,Brie String,-,10.92%,Cranky Caterpillar,
Whisker Woods Rift,Low/Low/Low,Brie String,-,10.93%,Mossy Moosker,
Whisker Woods Rift,Low/Low/Low,Brie String,-,10.86%,Bloomed Sylvan,
Whisker Woods Rift,Low/Low/Low,Magical String,-,10.55%,Spirit of Balance,121271
Whisker Woods Rift,Low/Low/Low,Magical String,-,10.47%,Karmachameleon,
Whisker Woods Rift,Low/Low/Low,Magical String,-,10.38%,Fungal Frog,
Whisker Woods Rift,Low/Low/Low,Magical String,-,10.35%,Crazed Goblin,
Whisker Woods Rift,Low/Low/Low,Magical String,-,10.33%,Twisted Treant,
Whisker Woods Rift,Low/Low/Low,Magical String,-,10.29%,Bloomed Sylvan,
Whisker Woods Rift,Low/Low/Low,Magical String,-,10.21%,Mossy Moosker,
Whisker Woods Rift,Low/Low/Low,Magical String,-,10.15%,Water Sprite,
Whisker Woods Rift,Low/Low/Low,Magical String,-,9.84%,Cranky Caterpillar,
Whisker Woods Rift,Low/Low/Low,Magical String,-,7.43%,Gilded Leaf,
Whisker Woods Rift,Low/Low/Low,Swiss String,-,11.47%,Crazed Goblin,23534
Whisker Woods Rift,Low/Low/Low,Swiss String,-,11.38%,Twisted Treant,
Whisker Woods Rift,Low/Low/Low,Swiss String,-,11.37%,Spirit of Balance,
Whisker Woods Rift,Low/Low/Low,Swiss String,-,11.30%,Water Sprite,
Whisker Woods Rift,Low/Low/Low,Swiss String,-,11.10%,Fungal Frog,
Whisker Woods Rift,Low/Low/Low,Swiss String,-,11.01%,Karmachameleon,
Whisker Woods Rift,Low/Low/Low,Swiss String,-,10.91%,Bloomed Sylvan,
Whisker Woods Rift,Low/Low/Low,Swiss String,-,10.84%,Mossy Moosker,
Whisker Woods Rift,Low/Low/Low,Swiss String,-,10.61%,Cranky Caterpillar,
Whisker Woods Rift,Low/Low/Low,Brie String,Stagnant,14.50%,Grizzled Silth,4918
Whisker Woods Rift,Low/Low/Low,Brie String,Stagnant,11.51%,Crazed Goblin,
Whisker Woods Rift,Low/Low/Low,Brie String,Stagnant,10.80%,Water Sprite,
Whisker Woods Rift,Low/Low/Low,Brie String,Stagnant,10.55%,Twisted Treant,
Whisker Woods Rift,Low/Low/Low,Brie String,Stagnant,9.29%,Karmachameleon,
Whisker Woods Rift,Low/Low/Low,Brie String,Stagnant,9.03%,Cranky Caterpillar,
Whisker Woods Rift,Low/Low/Low,Brie String,Stagnant,8.93%,Spirit of Balance,
Whisker Woods Rift,Low/Low/Low,Brie String,Stagnant,8.82%,Bloomed Sylvan,
Whisker Woods Rift,Low/Low/Low,Brie String,Stagnant,8.58%,Fungal Frog,
Whisker Woods Rift,Low/Low/Low,Brie String,Stagnant,7.99%,Mossy Moosker,
Whisker Woods Rift,Low/Low/Low,Brie String,Cherry,13.68%,Cherry Sprite,5740
Whisker Woods Rift,Low/Low/Low,Brie String,Cherry,11.60%,Cranky Caterpillar,
Whisker Woods Rift,Low/Low/Low,Brie String,Cherry,11.52%,Bloomed Sylvan,
Whisker Woods Rift,Low/Low/Low,Brie String,Cherry,11.13%,Mossy Moosker,
Whisker Woods Rift,Low/Low/Low,Brie String,Cherry,8.83%,Fungal Frog,
Whisker Woods Rift,Low/Low/Low,Brie String,Cherry,8.83%,Water Sprite,
Whisker Woods Rift,Low/Low/Low,Brie String,Cherry,8.80%,Twisted Treant,
Whisker Woods Rift,Low/Low/Low,Brie String,Cherry,8.78%,Crazed Goblin,
Whisker Woods Rift,Low/Low/Low,Brie String,Cherry,8.71%,Karmachameleon,
Whisker Woods Rift,Low/Low/Low,Brie String,Cherry,8.12%,Spirit of Balance,
Whisker Woods Rift,Low/Low/Low,Brie String,Gnarled,13.97%,Naturalist,4288
Whisker Woods Rift,Low/Low/Low,Brie String,Gnarled,11.92%,Fungal Frog,
Whisker Woods Rift,Low/Low/Low,Brie String,Gnarled,11.24%,Spirit of Balance,
Whisker Woods Rift,Low/Low/Low,Brie String,Gnarled,11.17%,Karmachameleon,
Whisker Woods Rift,Low/Low/Low,Brie String,Gnarled,9.17%,Crazed Goblin,
Whisker Woods Rift,Low/Low/Low,Brie String,Gnarled,8.84%,Bloomed Sylvan,
Whisker Woods Rift,Low/Low/Low,Brie String,Gnarled,8.65%,Twisted Treant,
Whisker Woods Rift,Low/Low/Low,Brie String,Gnarled,8.61%,Water Sprite,
Whisker Woods Rift,Low/Low/Low,Brie String,Gnarled,8.47%,Cranky Caterpillar,
Whisker Woods Rift,Low/Low/Low,Brie String,Gnarled,7.98%,Mossy Moosker,
Whisker Woods Rift,Low/Low/Low,Magical String,Stagnant,12.79%,Grizzled Silth,16090
Whisker Woods Rift,Low/Low/Low,Magical String,Stagnant,11.95%,Twisted Treant,
Whisker Woods Rift,Low/Low/Low,Magical String,Stagnant,11.80%,Crazed Goblin,
Whisker Woods Rift,Low/Low/Low,Magical String,Stagnant,11.60%,Water Sprite,
Whisker Woods Rift,Low/Low/Low,Magical String,Stagnant,7.77%,Karmachameleon,
Whisker Woods Rift,Low/Low/Low,Magical String,Stagnant,7.66%,Spirit of Balance,
Whisker Woods Rift,Low/Low/Low,Magical String,Stagnant,7.65%,Bloomed Sylvan,
Whisker Woods Rift,Low/Low/Low,Magical String,Stagnant,7.59%,Cranky Caterpillar,
Whisker Woods Rift,Low/Low/Low,Magical String,Stagnant,7.50%,Fungal Frog,
Whisker Woods Rift,Low/Low/Low,Magical String,Stagnant,7.41%,Mossy Moosker,
Whisker Woods Rift,Low/Low/Low,Magical String,Stagnant,6.27%,Gilded Leaf,
Whisker Woods Rift,Low/Low/Low,Magical String,Cherry,13.17%,Cherry Sprite,17985
Whisker Woods Rift,Low/Low/Low,Magical String,Cherry,11.88%,Cranky Caterpillar,
Whisker Woods Rift,Low/Low/Low,Magical String,Cherry,11.73%,Bloomed Sylvan,
Whisker Woods Rift,Low/Low/Low,Magical String,Cherry,11.58%,Mossy Moosker,
Whisker Woods Rift,Low/Low/Low,Magical String,Cherry,7.72%,Twisted Treant,
Whisker Woods Rift,Low/Low/Low,Magical String,Cherry,7.51%,Karmachameleon,
Whisker Woods Rift,Low/Low/Low,Magical String,Cherry,7.48%,Spirit of Balance,
Whisker Woods Rift,Low/Low/Low,Magical String,Cherry,7.47%,Fungal Frog,
Whisker Woods Rift,Low/Low/Low,Magical String,Cherry,7.39%,Crazed Goblin,
Whisker Woods Rift,Low/Low/Low,Magical String,Cherry,7.38%,Water Sprite,
Whisker Woods Rift,Low/Low/Low,Magical String,Cherry,6.68%,Gilded Leaf,
Whisker Woods Rift,Low/Low/Low,Magical String,Gnarled,13.06%,Naturalist,15681
Whisker Woods Rift,Low/Low/Low,Magical String,Gnarled,11.71%,Fungal Frog,
Whisker Woods Rift,Low/Low/Low,Magical String,Gnarled,11.28%,Spirit of Balance,
Whisker Woods Rift,Low/Low/Low,Magical String,Gnarled,11.26%,Karmachameleon,
Whisker Woods Rift,Low/Low/Low,Magical String,Gnarled,8.07%,Water Sprite,
Whisker Woods Rift,Low/Low/Low,Magical String,Gnarled,8.02%,Twisted Treant,
Whisker Woods Rift,Low/Low/Low,Magical String,Gnarled,7.68%,Bloomed Sylvan,
Whisker Woods Rift,Low/Low/Low,Magical String,Gnarled,7.65%,Mossy Moosker,
Whisker Woods Rift,Low/Low/Low,Magical String,Gnarled,7.56%,Cranky Caterpillar,
Whisker Woods Rift,Low/Low/Low,Magical String,Gnarled,7.36%,Crazed Goblin,
Whisker Woods Rift,Low/Low/Low,Magical String,Gnarled,6.35%,Gilded Leaf,
Whisker Woods Rift,Medium/Low/Low,Brie String,-,22.15%,Treant Queen,31820
Whisker Woods Rift,Medium/Low/Low,Brie String,-,21.98%,Spirit Fox,
Whisker Woods Rift,Medium/Low/Low,Brie String,-,21.89%,Red-Eyed Watcher Owl,
Whisker Woods Rift,Medium/Low/Low,Brie String,-,5.79%,Spirit of Balance,
Whisker Woods Rift,Medium/Low/Low,Brie String,-,5.77%,Crazed Goblin,
Whisker Woods Rift,Medium/Low/Low,Brie String,-,5.72%,Karmachameleon,
Whisker Woods Rift,Medium/Low/Low,Brie String,-,5.59%,Fungal Frog,
Whisker Woods Rift,Medium/Low/Low,Brie String,-,5.59%,Twisted Treant,
Whisker Woods Rift,Medium/Low/Low,Brie String,-,5.52%,Water Sprite,
Whisker Woods Rift,Medium/Low/Low,Magical String,-,21.62%,Red-Eyed Watcher Owl,13192
Whisker Woods Rift,Medium/Low/Low,Magical String,-,20.79%,Treant Queen,
Whisker Woods Rift,Medium/Low/Low,Magical String,-,20.69%,Spirit Fox,
Whisker Woods Rift,Medium/Low/Low,Magical String,-,5.48%,Crazed Goblin,
Whisker Woods Rift,Medium/Low/Low,Magical String,-,5.47%,Spirit of Balance,
Whisker Woods Rift,Medium/Low/Low,Magical String,-,5.37%,Water Sprite,
Whisker Woods Rift,Medium/Low/Low,Magical String,-,5.29%,Karmachameleon,
Whisker Woods Rift,Medium/Low/Low,Magical String,-,5.24%,Fungal Frog,
Whisker Woods Rift,Medium/Low/Low,Magical String,-,5.07%,Twisted Treant,
Whisker Woods Rift,Medium/Low/Low,Magical String,-,4.98%,Gilded Leaf,
Whisker Woods Rift,Medium/Low/Low,Swiss String,-,24.90%,Spirit Fox,2201
Whisker Woods Rift,Medium/Low/Low,Swiss String,-,24.22%,Red-Eyed Watcher Owl,
Whisker Woods Rift,Medium/Low/Low,Swiss String,-,20.76%,Treant Queen,
Whisker Woods Rift,Medium/Low/Low,Swiss String,-,6.77%,Fungal Frog,
Whisker Woods Rift,Medium/Low/Low,Swiss String,-,6.18%,Twisted Treant,
Whisker Woods Rift,Medium/Low/Low,Swiss String,-,5.91%,Spirit of Balance,
Whisker Woods Rift,Medium/Low/Low,Swiss String,-,5.82%,Water Sprite,
Whisker Woods Rift,Medium/Low/Low,Swiss String,-,5.45%,Karmachameleon,
Whisker Woods Rift,Medium/Low/Low,Magical String/Brie String,Gnarled,20.42%,Spirit Fox,5249
Whisker Woods Rift,Medium/Low/Low,Magical String/Brie String,Gnarled,19.15%,Treant Queen,
Whisker Woods Rift,Medium/Low/Low,Magical String/Brie String,Gnarled,17.81%,Red-Eyed Watcher Owl,
Whisker Woods Rift,Medium/Low/Low,Magical String/Brie String,Gnarled,9.45%,Naturalist,
Whisker Woods Rift,Medium/Low/Low,Magical String/Brie String,Gnarled,5.37%,Spirit of Balance,
Whisker Woods Rift,Medium/Low/Low,Magical String/Brie String,Gnarled,5.11%,Twisted Treant,
Whisker Woods Rift,Medium/Low/Low,Magical String/Brie String,Gnarled,5.05%,Karmachameleon,
Whisker Woods Rift,Medium/Low/Low,Magical String/Brie String,Gnarled,5.03%,Crazed Goblin,
Whisker Woods Rift,Medium/Low/Low,Magical String/Brie String,Gnarled,4.95%,Fungal Frog,
Whisker Woods Rift,Medium/Low/Low,Magical String/Brie String,Gnarled,4.61%,Water Sprite,
Whisker Woods Rift,Medium/Low/Low,Magical String/Brie String,Gnarled,3.05%,Gilded Leaf,
Whisker Woods Rift,Medium/Low/Low,Magical String,Cherry,19.26%,Red-Eyed Watcher Owl,6791
Whisker Woods Rift,Medium/Low/Low,Magical String,Cherry,19.16%,Spirit Fox,
Whisker Woods Rift,Medium/Low/Low,Magical String,Cherry,18.89%,Treant Queen,
Whisker Woods Rift,Medium/Low/Low,Magical String,Cherry,8.92%,Cherry Sprite,
Whisker Woods Rift,Medium/Low/Low,Magical String,Cherry,5.14%,Fungal Frog,
Whisker Woods Rift,Medium/Low/Low,Magical String,Cherry,4.90%,Spirit of Balance,
Whisker Woods Rift,Medium/Low/Low,Magical String,Cherry,4.90%,Water Sprite,
Whisker Woods Rift,Medium/Low/Low,Magical String,Cherry,4.87%,Gilded Leaf,
Whisker Woods Rift,Medium/Low/Low,Magical String,Cherry,4.76%,Twisted Treant,
Whisker Woods Rift,Medium/Low/Low,Magical String,Cherry,4.64%,Karmachameleon,
Whisker Woods Rift,Medium/Low/Low,Magical String,Cherry,4.55%,Crazed Goblin,
Whisker Woods Rift,Low/Medium/Low,Brie String,-,22.15%,Red Coat Bear,41046
Whisker Woods Rift,Low/Medium/Low,Brie String,-,22.13%,Nomadic Warrior,
Whisker Woods Rift,Low/Medium/Low,Brie String,-,22.11%,Rift Tiger,
Whisker Woods Rift,Low/Medium/Low,Brie String,-,5.78%,Cranky Caterpillar,
Whisker Woods Rift,Low/Medium/Low,Brie String,-,5.65%,Crazed Goblin,
Whisker Woods Rift,Low/Medium/Low,Brie String,-,5.56%,Bloomed Sylvan,
Whisker Woods Rift,Low/Medium/Low,Brie String,-,5.54%,Mossy Moosker,
Whisker Woods Rift,Low/Medium/Low,Brie String,-,5.54%,Twisted Treant,
Whisker Woods Rift,Low/Medium/Low,Brie String,-,5.54%,Water Sprite,
Whisker Woods Rift,Low/Medium/Low,Magical String,-,21.30%,Red Coat Bear,15584
Whisker Woods Rift,Low/Medium/Low,Magical String,-,20.58%,Rift Tiger,
Whisker Woods Rift,Low/Medium/Low,Magical String,-,20.42%,Nomadic Warrior,
Whisker Woods Rift,Low/Medium/Low,Magical String,-,5.63%,Bloomed Sylvan,
Whisker Woods Rift,Low/Medium/Low,Magical String,-,5.58%,Crazed Goblin,
Whisker Woods Rift,Low/Medium/Low,Magical String,-,5.56%,Mossy Moosker,
Whisker Woods Rift,Low/Medium/Low,Magical String,-,5.56%,Water Sprite,
Whisker Woods Rift,Low/Medium/Low,Magical String,-,5.31%,Cranky Caterpillar,
Whisker Woods Rift,Low/Medium/Low,Magical String,-,5.13%,Gilded Leaf,
Whisker Woods Rift,Low/Medium/Low,Magical String,-,4.92%,Twisted Treant,
Whisker Woods Rift,Low/Medium/Low,Swiss String,-,23.04%,Nomadic Warrior,3221
Whisker Woods Rift,Low/Medium/Low,Swiss String,-,22.97%,Red Coat Bear,
Whisker Woods Rift,Low/Medium/Low,Swiss String,-,22.51%,Rift Tiger,
Whisker Woods Rift,Low/Medium/Low,Swiss String,-,6.74%,Crazed Goblin,
Whisker Woods Rift,Low/Medium/Low,Swiss String,-,6.33%,Mossy Moosker,
Whisker Woods Rift,Low/Medium/Low,Swiss String,-,6.33%,Twisted Treant,
Whisker Woods Rift,Low/Medium/Low,Swiss String,-,6.27%,Cranky Caterpillar,
Whisker Woods Rift,Low/Medium/Low,Swiss String,-,5.81%,Water Sprite,
Whisker Woods Rift,Low/Medium/Low,Magical String/Brie String,Stagnant,19.75%,Rift Tiger,4597
Whisker Woods Rift,Low/Medium/Low,Magical String/Brie String,Stagnant,19.43%,Red Coat Bear,
Whisker Woods Rift,Low/Medium/Low,Magical String/Brie String,Stagnant,18.51%,Nomadic Warrior,
Whisker Woods Rift,Low/Medium/Low,Magical String/Brie String,Stagnant,9.68%,Grizzled Silth,
Whisker Woods Rift,Low/Medium/Low,Magical String/Brie String,Stagnant,5.18%,Crazed Goblin,
Whisker Woods Rift,Low/Medium/Low,Magical String/Brie String,Stagnant,5.11%,Water Sprite,
Whisker Woods Rift,Low/Medium/Low,Magical String/Brie String,Stagnant,5.11%,Bloomed Sylvan,
Whisker Woods Rift,Low/Medium/Low,Magical String/Brie String,Stagnant,4.87%,Cranky Caterpillar,
Whisker Woods Rift,Low/Medium/Low,Magical String/Brie String,Stagnant,4.70%,Mossy Moosker,
Whisker Woods Rift,Low/Medium/Low,Magical String/Brie String,Stagnant,4.52%,Twisted Treant,
Whisker Woods Rift,Low/Medium/Low,Magical String/Brie String,Stagnant,3.13%,Gilded Leaf,
Whisker Woods Rift,Low/Medium/Low,Magical String/Brie String,Cherry,20.41%,Red Coat Bear,5076
Whisker Woods Rift,Low/Medium/Low,Magical String/Brie String,Cherry,19.80%,Rift Tiger,
Whisker Woods Rift,Low/Medium/Low,Magical String/Brie String,Cherry,18.54%,Nomadic Warrior,
Whisker Woods Rift,Low/Medium/Low,Magical String/Brie String,Cherry,9.79%,Cherry Sprite,
Whisker Woods Rift,Low/Medium/Low,Magical String/Brie String,Cherry,5.32%,Twisted Treant,
Whisker Woods Rift,Low/Medium/Low,Magical String/Brie String,Cherry,4.96%,Bloomed Sylvan,
Whisker Woods Rift,Low/Medium/Low,Magical String/Brie String,Cherry,4.91%,Crazed Goblin,
Whisker Woods Rift,Low/Medium/Low,Magical String/Brie String,Cherry,4.83%,Cranky Caterpillar,
Whisker Woods Rift,Low/Medium/Low,Magical String/Brie String,Cherry,4.69%,Water Sprite,
Whisker Woods Rift,Low/Medium/Low,Magical String/Brie String,Cherry,4.35%,Mossy Moosker,
Whisker Woods Rift,Low/Medium/Low,Magical String/Brie String,Cherry,2.40%,Gilded Leaf,
Whisker Woods Rift,Low/Medium/Low,Magical String,Gnarled,19.29%,Red Coat Bear,6330
Whisker Woods Rift,Low/Medium/Low,Magical String,Gnarled,18.70%,Rift Tiger,
Whisker Woods Rift,Low/Medium/Low,Magical String,Gnarled,18.39%,Nomadic Warrior,
Whisker Woods Rift,Low/Medium/Low,Magical String,Gnarled,9.59%,Naturalist,
Whisker Woods Rift,Low/Medium/Low,Magical String,Gnarled,5.36%,Gilded Leaf,
Whisker Woods Rift,Low/Medium/Low,Magical String,Gnarled,5.21%,Twisted Treant,
Whisker Woods Rift,Low/Medium/Low,Magical String,Gnarled,5.18%,Water Sprite,
Whisker Woods Rift,Low/Medium/Low,Magical String,Gnarled,4.88%,Mossy Moosker,
Whisker Woods Rift,Low/Medium/Low,Magical String,Gnarled,4.71%,Cranky Caterpillar,
Whisker Woods Rift,Low/Medium/Low,Magical String,Gnarled,4.63%,Crazed Goblin,
Whisker Woods Rift,Low/Medium/Low,Magical String,Gnarled,4.06%,Bloomed Sylvan,
Whisker Woods Rift,Low/Low/Medium,Brie String,-,22.28%,Winged Harpy,37048
Whisker Woods Rift,Low/Low/Medium,Brie String,-,22.00%,Medicine,
Whisker Woods Rift,Low/Low/Medium,Brie String,-,21.73%,Tree Troll,
Whisker Woods Rift,Low/Low/Medium,Brie String,-,5.80%,Fungal Frog,
Whisker Woods Rift,Low/Low/Medium,Brie String,-,5.71%,Karmachameleon,
Whisker Woods Rift,Low/Low/Medium,Brie String,-,5.68%,Spirit of Balance,
Whisker Woods Rift,Low/Low/Medium,Brie String,-,5.67%,Bloomed Sylvan,
Whisker Woods Rift,Low/Low/Medium,Brie String,-,5.67%,Cranky Caterpillar,
Whisker Woods Rift,Low/Low/Medium,Brie String,-,5.45%,Mossy Moosker,
Whisker Woods Rift,Low/Low/Medium,Swiss String,-,22.10%,Winged Harpy,3249
Whisker Woods Rift,Low/Low/Medium,Swiss String,-,21.85%,Tree Troll,
Whisker Woods Rift,Low/Low/Medium,Swiss String,-,21.79%,Medicine,
Whisker Woods Rift,Low/Low/Medium,Swiss String,-,6.00%,Spirit of Balance,
Whisker Woods Rift,Low/Low/Medium,Swiss String,-,5.97%,Fungal Frog,
Whisker Woods Rift,Low/Low/Medium,Swiss String,-,5.91%,Bloomed Sylvan,
Whisker Woods Rift,Low/Low/Medium,Swiss String,-,5.79%,Mossy Moosker,
Whisker Woods Rift,Low/Low/Medium,Swiss String,-,5.32%,Karmachameleon,
Whisker Woods Rift,Low/Low/Medium,Swiss String,-,5.26%,Cranky Caterpillar,
Whisker Woods Rift,Low/Low/Medium,Magical String,-,21.14%,Tree Troll,14913
Whisker Woods Rift,Low/Low/Medium,Magical String,-,20.89%,Medicine,
Whisker Woods Rift,Low/Low/Medium,Magical String,-,20.50%,Winged Harpy,
Whisker Woods Rift,Low/Low/Medium,Magical String,-,5.51%,Bloomed Sylvan,
Whisker Woods Rift,Low/Low/Medium,Magical String,-,5.43%,Cranky Caterpillar,
Whisker Woods Rift,Low/Low/Medium,Magical String,-,5.44%,Gilded Leaf,
Whisker Woods Rift,Low/Low/Medium,Magical String,-,5.44%,Spirit of Balance,
Whisker Woods Rift,Low/Low/Medium,Magical String,-,5.42%,Fungal Frog,
Whisker Woods Rift,Low/Low/Medium,Magical String,-,5.25%,Karmachameleon,
Whisker Woods Rift,Low/Low/Medium,Magical String,-,4.98%,Mossy Moosker,
Whisker Woods Rift,Low/Low/Medium,Magical String,Stagnant,19.17%,Winged Harpy,6509
Whisker Woods Rift,Low/Low/Medium,Magical String,Stagnant,19.14%,Tree Troll,
Whisker Woods Rift,Low/Low/Medium,Magical String,Stagnant,18.27%,Medicine,
Whisker Woods Rift,Low/Low/Medium,Magical String,Stagnant,10.11%,Grizzled Silth,
Whisker Woods Rift,Low/Low/Medium,Magical String,Stagnant,5.04%,Fungal Frog,
Whisker Woods Rift,Low/Low/Medium,Magical String,Stagnant,4.99%,Mossy Moosker,
Whisker Woods Rift,Low/Low/Medium,Magical String,Stagnant,4.87%,Karmachameleon,
Whisker Woods Rift,Low/Low/Medium,Magical String,Stagnant,4.84%,Cranky Caterpillar,
Whisker Woods Rift,Low/Low/Medium,Magical String,Stagnant,4.78%,Gilded Leaf,
Whisker Woods Rift,Low/Low/Medium,Magical String,Stagnant,4.56%,Bloomed Sylvan,
Whisker Woods Rift,Low/Low/Medium,Magical String,Stagnant,4.22%,Spirit of Balance,
Whisker Woods Rift,Low/Low/Medium,Magical String/Brie String,Cherry,20.32%,Tree Troll,4006
Whisker Woods Rift,Low/Low/Medium,Magical String/Brie String,Cherry,19.57%,Medicine,
Whisker Woods Rift,Low/Low/Medium,Magical String/Brie String,Cherry,19.50%,Winged Harpy,
Whisker Woods Rift,Low/Low/Medium,Magical String/Brie String,Cherry,9.11%,Cherry Sprite,
Whisker Woods Rift,Low/Low/Medium,Magical String/Brie String,Cherry,5.39%,Karmachameleon,
Whisker Woods Rift,Low/Low/Medium,Magical String/Brie String,Cherry,5.17%,Cranky Caterpillar,
Whisker Woods Rift,Low/Low/Medium,Magical String/Brie String,Cherry,4.64%,Spirit of Balance,
Whisker Woods Rift,Low/Low/Medium,Magical String/Brie String,Cherry,4.57%,Mossy Moosker,
Whisker Woods Rift,Low/Low/Medium,Magical String/Brie String,Cherry,4.54%,Bloomed Sylvan,
Whisker Woods Rift,Low/Low/Medium,Magical String/Brie String,Cherry,4.54%,Fungal Frog,
Whisker Woods Rift,Low/Low/Medium,Magical String/Brie String,Cherry,2.65%,Gilded Leaf,
Whisker Woods Rift,Low/Low/Medium,Magical String/Brie String,Gnarled,19.43%,Tree Troll,4173
Whisker Woods Rift,Low/Low/Medium,Magical String/Brie String,Gnarled,19.08%,Medicine,
Whisker Woods Rift,Low/Low/Medium,Magical String/Brie String,Gnarled,18.74%,Winged Harpy,
Whisker Woods Rift,Low/Low/Medium,Magical String/Brie String,Gnarled,9.49%,Naturalist,
Whisker Woods Rift,Low/Low/Medium,Magical String/Brie String,Gnarled,5.34%,Fungal Frog,
Whisker Woods Rift,Low/Low/Medium,Magical String/Brie String,Gnarled,5.20%,Mossy Moosker,
Whisker Woods Rift,Low/Low/Medium,Magical String/Brie String,Gnarled,5.15%,Cranky Caterpillar,
Whisker Woods Rift,Low/Low/Medium,Magical String/Brie String,Gnarled,5.03%,Bloomed Sylvan,
Whisker Woods Rift,Low/Low/Medium,Magical String/Brie String,Gnarled,5.01%,Karmachameleon,
Whisker Woods Rift,Low/Low/Medium,Magical String/Brie String,Gnarled,4.48%,Spirit of Balance,
Whisker Woods Rift,Low/Low/Medium,Magical String/Brie String,Gnarled,3.04%,Gilded Leaf,
Whisker Woods Rift,Medium/Medium/Low,Magical String/Brie String/Swiss String/Marble String,-,15.52%,Red-Eyed Watcher Owl,2758
Whisker Woods Rift,Medium/Medium/Low,Magical String/Brie String/Swiss String/Marble String,-,14.79%,Treant Queen,
Whisker Woods Rift,Medium/Medium/Low,Magical String/Brie String/Swiss String/Marble String,-,14.43%,Spirit Fox,
Whisker Woods Rift,Medium/Medium/Low,Magical String/Brie String/Swiss String/Marble String,-,13.49%,Rift Tiger,
Whisker Woods Rift,Medium/Medium/Low,Magical String/Brie String/Swiss String/Marble String,-,12.98%,Red Coat Bear,
Whisker Woods Rift,Medium/Medium/Low,Magical String/Brie String/Swiss String/Marble String,-,12.73%,Nomadic Warrior,
Whisker Woods Rift,Medium/Medium/Low,Magical String/Brie String/Swiss String/Marble String,-,5.04%,Twisted Treant,
Whisker Woods Rift,Medium/Medium/Low,Magical String/Brie String/Swiss String/Marble String,-,4.57%,Crazed Goblin,
Whisker Woods Rift,Medium/Medium/Low,Magical String/Brie String/Swiss String/Marble String,-,4.42%,Water Sprite,
Whisker Woods Rift,Medium/Medium/Low,Magical String/Brie String/Swiss String/Marble String,-,2.03%,Gilded Leaf,
Whisker Woods Rift,Medium/Medium/Low,Magical String/Brie String/Swiss String/Marble String,Stagnant,13.38%,Treant Queen,7647
Whisker Woods Rift,Medium/Medium/Low,Magical String/Brie String/Swiss String/Marble String,Stagnant,13.30%,Nomadic Warrior,
Whisker Woods Rift,Medium/Medium/Low,Magical String/Brie String/Swiss String/Marble String,Stagnant,13.19%,Red-Eyed Watcher Owl,
Whisker Woods Rift,Medium/Medium/Low,Magical String/Brie String/Swiss String/Marble String,Stagnant,13.09%,Red Coat Bear,
Whisker Woods Rift,Medium/Medium/Low,Magical String/Brie String/Swiss String/Marble String,Stagnant,12.46%,Rift Tiger,
Whisker Woods Rift,Medium/Medium/Low,Magical String/Brie String/Swiss String/Marble String,Stagnant,11.85%,Spirit Fox,
Whisker Woods Rift,Medium/Medium/Low,Magical String/Brie String/Swiss String/Marble String,Stagnant,7.95%,Grizzled Silth,
Whisker Woods Rift,Medium/Medium/Low,Magical String/Brie String/Swiss String/Marble String,Stagnant,4.25%,Crazed Goblin,
Whisker Woods Rift,Medium/Medium/Low,Magical String/Brie String/Swiss String/Marble String,Stagnant,4.22%,Twisted Treant,
Whisker Woods Rift,Medium/Medium/Low,Magical String/Brie String/Swiss String/Marble String,Stagnant,3.84%,Water Sprite,
Whisker Woods Rift,Medium/Medium/Low,Magical String/Brie String/Swiss String/Marble String,Stagnant,2.46%,Gilded Leaf,
Whisker Woods Rift,Medium/Low/Medium,Magical String/Brie String/Swiss String/Marble String,-,15.29%,Tree Troll,2210
Whisker Woods Rift,Medium/Low/Medium,Magical String/Brie String/Swiss String/Marble String,-,14.12%,Treant Queen,
Whisker Woods Rift,Medium/Low/Medium,Magical String/Brie String/Swiss String/Marble String,-,14.07%,Medicine,
Whisker Woods Rift,Medium/Low/Medium,Magical String/Brie String/Swiss String/Marble String,-,14.03%,Winged Harpy,
Whisker Woods Rift,Medium/Low/Medium,Magical String/Brie String/Swiss String/Marble String,-,13.21%,Spirit Fox,
Whisker Woods Rift,Medium/Low/Medium,Magical String/Brie String/Swiss String/Marble String,-,13.12%,Red-Eyed Watcher Owl,
Whisker Woods Rift,Medium/Low/Medium,Magical String/Brie String/Swiss String/Marble String,-,4.93%,Fungal Frog,
Whisker Woods Rift,Medium/Low/Medium,Magical String/Brie String/Swiss String/Marble String,-,4.71%,Karmachameleon,
Whisker Woods Rift,Medium/Low/Medium,Magical String/Brie String/Swiss String/Marble String,-,4.30%,Spirit of Balance,
Whisker Woods Rift,Medium/Low/Medium,Magical String/Brie String/Swiss String/Marble String,-,2.22%,Gilded Leaf,
Whisker Woods Rift,Medium/Low/Medium,Magical String/Brie String/Swiss String/Marble String,Gnarled,14.39%,Tree Troll,4781
Whisker Woods Rift,Medium/Low/Medium,Magical String/Brie String/Swiss String/Marble String,Gnarled,12.78%,Medicine,
Whisker Woods Rift,Medium/Low/Medium,Magical String/Brie String/Swiss String/Marble String,Gnarled,12.63%,Winged Harpy,
Whisker Woods Rift,Medium/Low/Medium,Magical String/Brie String/Swiss String/Marble String,Gnarled,12.53%,Treant Queen,
Whisker Woods Rift,Medium/Low/Medium,Magical String/Brie String/Swiss String/Marble String,Gnarled,12.53%,Spirit Fox,
Whisker Woods Rift,Medium/Low/Medium,Magical String/Brie String/Swiss String/Marble String,Gnarled,12.17%,Red-Eyed Watcher Owl,
Whisker Woods Rift,Medium/Low/Medium,Magical String/Brie String/Swiss String/Marble String,Gnarled,8.47%,Naturalist,
Whisker Woods Rift,Medium/Low/Medium,Magical String/Brie String/Swiss String/Marble String,Gnarled,4.23%,Spirit of Balance,
Whisker Woods Rift,Medium/Low/Medium,Magical String/Brie String/Swiss String/Marble String,Gnarled,3.89%,Karmachameleon,
Whisker Woods Rift,Medium/Low/Medium,Magical String/Brie String/Swiss String/Marble String,Gnarled,3.89%,Fungal Frog,
Whisker Woods Rift,Medium/Low/Medium,Magical String/Brie String/Swiss String/Marble String,Gnarled,2.49%,Gilded Leaf,
Whisker Woods Rift,Low/Medium/Medium,Magical String/Brie String/Swiss String/Marble String,-,14.59%,Red Coat Bear,3221
Whisker Woods Rift,Low/Medium/Medium,Magical String/Brie String/Swiss String/Marble String,-,14.06%,Medicine,
Whisker Woods Rift,Low/Medium/Medium,Magical String/Brie String/Swiss String/Marble String,-,14.03%,Nomadic Warrior,
Whisker Woods Rift,Low/Medium/Medium,Magical String/Brie String/Swiss String/Marble String,-,13.85%,Winged Harpy,
Whisker Woods Rift,Low/Medium/Medium,Magical String/Brie String/Swiss String/Marble String,-,13.82%,Tree Troll,
Whisker Woods Rift,Low/Medium/Medium,Magical String/Brie String/Swiss String/Marble String,-,12.95%,Rift Tiger,
Whisker Woods Rift,Low/Medium/Medium,Magical String/Brie String/Swiss String/Marble String,-,5.28%,Mossy Moosker,
Whisker Woods Rift,Low/Medium/Medium,Magical String/Brie String/Swiss String/Marble String,-,4.69%,Cranky Caterpillar,
Whisker Woods Rift,Low/Medium/Medium,Magical String/Brie String/Swiss String/Marble String,-,4.59%,Bloomed Sylvan,
Whisker Woods Rift,Low/Medium/Medium,Magical String/Brie String/Swiss String/Marble String,-,2.14%,Gilded Leaf,
Whisker Woods Rift,Low/Medium/Medium,Magical String/Brie String/Swiss String/Marble String,Cherry,13.29%,Medicine,6735
Whisker Woods Rift,Low/Medium/Medium,Magical String/Brie String/Swiss String/Marble String,Cherry,13.23%,Winged Harpy,
Whisker Woods Rift,Low/Medium/Medium,Magical String/Brie String/Swiss String/Marble String,Cherry,13.08%,Red Coat Bear,
Whisker Woods Rift,Low/Medium/Medium,Magical String/Brie String/Swiss String/Marble String,Cherry,12.81%,Nomadic Warrior,
Whisker Woods Rift,Low/Medium/Medium,Magical String/Brie String/Swiss String/Marble String,Cherry,12.41%,Tree Troll,
Whisker Woods Rift,Low/Medium/Medium,Magical String/Brie String/Swiss String/Marble String,Cherry,12.40%,Rift Tiger,
Whisker Woods Rift,Low/Medium/Medium,Magical String/Brie String/Swiss String/Marble String,Cherry,8.23%,Cherry Sprite,
Whisker Woods Rift,Low/Medium/Medium,Magical String/Brie String/Swiss String/Marble String,Cherry,4.23%,Bloomed Sylvan,
Whisker Woods Rift,Low/Medium/Medium,Magical String/Brie String/Swiss String/Marble String,Cherry,4.04%,Mossy Moosker,
Whisker Woods Rift,Low/Medium/Medium,Magical String/Brie String/Swiss String/Marble String,Cherry,3.83%,Cranky Caterpillar,
Whisker Woods Rift,Low/Medium/Medium,Magical String/Brie String/Swiss String/Marble String,Cherry,2.45%,Gilded Leaf,
Whisker Woods Rift,Medium/Medium/Medium,Magical String,-,11.27%,Spirit Fox,17882
Whisker Woods Rift,Medium/Medium/Medium,Magical String,-,11.01%,Red-Eyed Watcher Owl,
Whisker Woods Rift,Medium/Medium/Medium,Magical String,-,10.80%,Rift Tiger,
Whisker Woods Rift,Medium/Medium/Medium,Magical String,-,10.78%,Nomadic Warrior,
Whisker Woods Rift,Medium/Medium/Medium,Magical String,-,10.69%,Tree Troll,
Whisker Woods Rift,Medium/Medium/Medium,Magical String,-,10.64%,Treant Queen,
Whisker Woods Rift,Medium/Medium/Medium,Magical String,-,10.51%,Winged Harpy,
Whisker Woods Rift,Medium/Medium/Medium,Magical String,-,10.16%,Medicine,
Whisker Woods Rift,Medium/Medium/Medium,Magical String,-,9.91%,Red Coat Bear,
Whisker Woods Rift,Medium/Medium/Medium,Magical String,-,4.24%,Gilded Leaf,
Whisker Woods Rift,Medium/Medium/Medium,Brie String/Swiss String,-,11.34%,Red-Eyed Watcher Owl,16309
Whisker Woods Rift,Medium/Medium/Medium,Brie String/Swiss String,-,11.33%,Treant Queen,
Whisker Woods Rift,Medium/Medium/Medium,Brie String/Swiss String,-,11.20%,Tree Troll,
Whisker Woods Rift,Medium/Medium/Medium,Brie String/Swiss String,-,11.20%,Winged Harpy,
Whisker Woods Rift,Medium/Medium/Medium,Brie String/Swiss String,-,11.18%,Nomadic Warrior,
Whisker Woods Rift,Medium/Medium/Medium,Brie String/Swiss String,-,11.13%,Medicine,
Whisker Woods Rift,Medium/Medium/Medium,Brie String/Swiss String,-,11.02%,Spirit Fox,
Whisker Woods Rift,Medium/Medium/Medium,Brie String/Swiss String,-,10.91%,Rift Tiger,
Whisker Woods Rift,Medium/Medium/Medium,Brie String/Swiss String,-,10.70%,Red Coat Bear,
Whisker Woods Rift,Medium/Medium/Medium,Brie String/Swiss String,Stagnant,12.33%,Red Coat Bear,4143
Whisker Woods Rift,Medium/Medium/Medium,Brie String/Swiss String,Stagnant,12.00%,Treant Queen,
Whisker Woods Rift,Medium/Medium/Medium,Brie String/Swiss String,Stagnant,11.68%,Red-Eyed Watcher Owl,
Whisker Woods Rift,Medium/Medium/Medium,Brie String/Swiss String,Stagnant,11.32%,Nomadic Warrior,
Whisker Woods Rift,Medium/Medium/Medium,Brie String/Swiss String,Stagnant,10.79%,Spirit Fox,
Whisker Woods Rift,Medium/Medium/Medium,Brie String/Swiss String,Stagnant,10.19%,Rift Tiger,
Whisker Woods Rift,Medium/Medium/Medium,Brie String/Swiss String,Stagnant,8.71%,Medicine,
Whisker Woods Rift,Medium/Medium/Medium,Brie String/Swiss String,Stagnant,8.33%,Tree Troll,
Whisker Woods Rift,Medium/Medium/Medium,Brie String/Swiss String,Stagnant,7.80%,Winged Harpy,
Whisker Woods Rift,Medium/Medium/Medium,Brie String/Swiss String,Stagnant,6.85%,Grizzled Silth,
Whisker Woods Rift,Medium/Medium/Medium,Brie String/Swiss String,Cherry,11.88%,Tree Troll,3921
Whisker Woods Rift,Medium/Medium/Medium,Brie String/Swiss String,Cherry,11.78%,Nomadic Warrior,
Whisker Woods Rift,Medium/Medium/Medium,Brie String/Swiss String,Cherry,11.32%,Rift Tiger,
Whisker Woods Rift,Medium/Medium/Medium,Brie String/Swiss String,Cherry,11.27%,Medicine,
Whisker Woods Rift,Medium/Medium/Medium,Brie String/Swiss String,Cherry,11.07%,Red Coat Bear,
Whisker Woods Rift,Medium/Medium/Medium,Brie String/Swiss String,Cherry,10.89%,Winged Harpy,
Whisker Woods Rift,Medium/Medium/Medium,Brie String/Swiss String,Cherry,8.59%,Treant Queen,
Whisker Woods Rift,Medium/Medium/Medium,Brie String/Swiss String,Cherry,8.26%,Red-Eyed Watcher Owl,
Whisker Woods Rift,Medium/Medium/Medium,Brie String/Swiss String,Cherry,7.55%,Spirit Fox,
Whisker Woods Rift,Medium/Medium/Medium,Brie String/Swiss String,Cherry,7.37%,Cherry Sprite,
Whisker Woods Rift,Medium/Medium/Medium,Brie String/Swiss String,Gnarled,12.87%,Medicine,4032
Whisker Woods Rift,Medium/Medium/Medium,Brie String/Swiss String,Gnarled,11.51%,Winged Harpy,
Whisker Woods Rift,Medium/Medium/Medium,Brie String/Swiss String,Gnarled,11.41%,Tree Troll,
Whisker Woods Rift,Medium/Medium/Medium,Brie String/Swiss String,Gnarled,11.28%,Red-Eyed Watcher Owl,
Whisker Woods Rift,Medium/Medium/Medium,Brie String/Swiss String,Gnarled,11.21%,Treant Queen,
Whisker Woods Rift,Medium/Medium/Medium,Brie String/Swiss String,Gnarled,11.19%,Spirit Fox,
Whisker Woods Rift,Medium/Medium/Medium,Brie String/Swiss String,Gnarled,9.13%,Nomadic Warrior,
Whisker Woods Rift,Medium/Medium/Medium,Brie String/Swiss String,Gnarled,7.86%,Rift Tiger,
Whisker Woods Rift,Medium/Medium/Medium,Brie String/Swiss String,Gnarled,7.04%,Red Coat Bear,
Whisker Woods Rift,Medium/Medium/Medium,Brie String/Swiss String,Gnarled,6.50%,Naturalist,
Whisker Woods Rift,Medium/Medium/Medium,Magical String,Stagnant,11.50%,Spirit Fox,8906
Whisker Woods Rift,Medium/Medium/Medium,Magical String,Stagnant,10.96%,Red-Eyed Watcher Owl,
Whisker Woods Rift,Medium/Medium/Medium,Magical String,Stagnant,10.95%,Treant Queen,
Whisker Woods Rift,Medium/Medium/Medium,Magical String,Stagnant,10.78%,Rift Tiger,
Whisker Woods Rift,Medium/Medium/Medium,Magical String,Stagnant,10.59%,Red Coat Bear,
Whisker Woods Rift,Medium/Medium/Medium,Magical String,Stagnant,10.55%,Nomadic Warrior,
Whisker Woods Rift,Medium/Medium/Medium,Magical String,Stagnant,8.12%,Winged Harpy,
Whisker Woods Rift,Medium/Medium/Medium,Magical String,Stagnant,7.99%,Tree Troll,
Whisker Woods Rift,Medium/Medium/Medium,Magical String,Stagnant,7.78%,Medicine,
Whisker Woods Rift,Medium/Medium/Medium,Magical String,Stagnant,7.29%,Grizzled Silth,
Whisker Woods Rift,Medium/Medium/Medium,Magical String,Stagnant,3.49%,Gilded Leaf,
Whisker Woods Rift,Medium/Medium/Medium,Magical String,Cherry,11.03%,Red Coat Bear,8168
Whisker Woods Rift,Medium/Medium/Medium,Magical String,Cherry,10.99%,Nomadic Warrior,
Whisker Woods Rift,Medium/Medium/Medium,Magical String,Cherry,10.77%,Winged Harpy,
Whisker Woods Rift,Medium/Medium/Medium,Magical String,Cherry,10.76%,Tree Troll,
Whisker Woods Rift,Medium/Medium/Medium,Magical String,Cherry,10.69%,Medicine,
Whisker Woods Rift,Medium/Medium/Medium,Magical String,Cherry,10.35%,Rift Tiger,
Whisker Woods Rift,Medium/Medium/Medium,Magical String,Cherry,8.75%,Spirit Fox,
Whisker Woods Rift,Medium/Medium/Medium,Magical String,Cherry,8.50%,Red-Eyed Watcher Owl,
Whisker Woods Rift,Medium/Medium/Medium,Magical String,Cherry,8.34%,Treant Queen,
Whisker Woods Rift,Medium/Medium/Medium,Magical String,Cherry,6.45%,Cherry Sprite,
Whisker Woods Rift,Medium/Medium/Medium,Magical String,Cherry,3.37%,Gilded Leaf,
Whisker Woods Rift,Medium/Medium/Medium,Magical String,Gnarled,11.04%,Medicine,8479
Whisker Woods Rift,Medium/Medium/Medium,Magical String,Gnarled,10.91%,Tree Troll,
Whisker Woods Rift,Medium/Medium/Medium,Magical String,Gnarled,10.85%,Red-Eyed Watcher Owl,
Whisker Woods Rift,Medium/Medium/Medium,Magical String,Gnarled,10.74%,Spirit Fox,
Whisker Woods Rift,Medium/Medium/Medium,Magical String,Gnarled,10.73%,Winged Harpy,
Whisker Woods Rift,Medium/Medium/Medium,Magical String,Gnarled,10.70%,Treant Queen,
Whisker Woods Rift,Medium/Medium/Medium,Magical String,Gnarled,8.29%,Nomadic Warrior,
Whisker Woods Rift,Medium/Medium/Medium,Magical String,Gnarled,8.27%,Rift Tiger,
Whisker Woods Rift,Medium/Medium/Medium,Magical String,Gnarled,8.20%,Red Coat Bear,
Whisker Woods Rift,Medium/Medium/Medium,Magical String,Gnarled,6.64%,Naturalist,
Whisker Woods Rift,Medium/Medium/Medium,Magical String,Gnarled,3.63%,Gilded Leaf,
Whisker Woods Rift,High/Low/Low,Brie String,-,55.61%,Cyclops Barbarian,5287
Whisker Woods Rift,High/Low/Low,Brie String,-,7.75%,Karmachameleon,
Whisker Woods Rift,High/Low/Low,Brie String,-,7.75%,Crazed Goblin,
Whisker Woods Rift,High/Low/Low,Brie String,-,7.43%,Twisted Treant,
Whisker Woods Rift,High/Low/Low,Brie String,-,7.43%,Fungal Frog,
Whisker Woods Rift,High/Low/Low,Brie String,-,7.17%,Water Sprite,
Whisker Woods Rift,High/Low/Low,Brie String,-,6.85%,Spirit of Balance,
Whisker Woods Rift,High/Low/Low,Magical String,-,55.28%,Cyclops Barbarian,2947
Whisker Woods Rift,High/Low/Low,Magical String,-,8.18%,Crazed Goblin,
Whisker Woods Rift,High/Low/Low,Magical String,-,7.67%,Spirit of Balance,
Whisker Woods Rift,High/Low/Low,Magical String,-,7.47%,Twisted Treant,
Whisker Woods Rift,High/Low/Low,Magical String,-,7.36%,Fungal Frog,
Whisker Woods Rift,High/Low/Low,Magical String,-,7.16%,Karmachameleon,
Whisker Woods Rift,High/Low/Low,Magical String,-,6.89%,Gilded Leaf,
Whisker Woods Rift,Low/High/Low,Brie String,-,54.61%,Centaur Ranger,6171
Whisker Woods Rift,Low/High/Low,Brie String,-,8.25%,Crazed Goblin,
Whisker Woods Rift,Low/High/Low,Brie String,-,7.73%,Water Sprite,
Whisker Woods Rift,Low/High/Low,Brie String,-,7.50%,Twisted Treant,
Whisker Woods Rift,Low/High/Low,Brie String,-,7.44%,Bloomed Sylvan,
Whisker Woods Rift,Low/High/Low,Brie String,-,7.37%,Cranky Caterpillar,
Whisker Woods Rift,Low/High/Low,Brie String,-,7.10%,Mossy Moosker,
Whisker Woods Rift,Low/High/Low,Magical String,-,51.14%,Centaur Ranger,3363
Whisker Woods Rift,Low/High/Low,Magical String,-,7.58%,Bloomed Sylvan,
Whisker Woods Rift,Low/High/Low,Magical String,-,7.23%,Twisted Treant,
Whisker Woods Rift,Low/High/Low,Magical String,-,7.14%,Crazed Goblin,
Whisker Woods Rift,Low/High/Low,Magical String,-,6.93%,Mossy Moosker,
Whisker Woods Rift,Low/High/Low,Magical String,-,6.90%,Water Sprite,
Whisker Woods Rift,Low/High/Low,Magical String,-,6.81%,Cranky Caterpillar,
Whisker Woods Rift,Low/High/Low,Magical String,-,6.27%,Gilded Leaf,
Whisker Woods Rift,Low/Low/High,Brie String,-,55.13%,Tri-dra,5817
Whisker Woods Rift,Low/Low/High,Brie String,-,7.89%,Fungal Frog,
Whisker Woods Rift,Low/Low/High,Brie String,-,7.80%,Cranky Caterpillar,
Whisker Woods Rift,Low/Low/High,Brie String,-,7.55%,Spirit of Balance,
Whisker Woods Rift,Low/Low/High,Brie String,-,7.37%,Karmachameleon,
Whisker Woods Rift,Low/Low/High,Brie String,-,7.15%,Mossy Moosker,
Whisker Woods Rift,Low/Low/High,Brie String,-,7.10%,Bloomed Sylvan,
Whisker Woods Rift,Low/Low/High,Magical String,-,50.28%,Tri-dra,3433
Whisker Woods Rift,Low/Low/High,Magical String,-,7.54%,Fungal Frog,
Whisker Woods Rift,Low/Low/High,Magical String,-,7.46%,Mossy Moosker,
Whisker Woods Rift,Low/Low/High,Magical String,-,7.31%,Bloomed Sylvan,
Whisker Woods Rift,Low/Low/High,Magical String,-,7.31%,Cranky Caterpillar,
Whisker Woods Rift,Low/Low/High,Magical String,-,6.76%,Gilded Leaf,
Whisker Woods Rift,Low/Low/High,Magical String,-,6.76%,Spirit of Balance,
Whisker Woods Rift,Low/Low/High,Magical String,-,6.58%,Karmachameleon,
Whisker Woods Rift,High/High/High,Magical String/Brie String/Swiss String/Marble String,-,33.33%,Tri-dra,300
Whisker Woods Rift,High/High/High,Magical String/Brie String/Swiss String/Marble String,-,33.33%,Centaur Ranger,
Whisker Woods Rift,High/High/High,Magical String/Brie String/Swiss String/Marble String,-,33.33%,Cyclops Barbarian,
Whisker Woods Rift,Monstrous Black Widow,Lactrodectus Lancashire,-,86.83%,Monstrous Black Widow,10869
Whisker Woods Rift,Monstrous Black Widow,Lactrodectus Lancashire,-,1.18%,Medicine,
Whisker Woods Rift,Monstrous Black Widow,Lactrodectus Lancashire,-,1.12%,Spirit Fox,
Whisker Woods Rift,Monstrous Black Widow,Lactrodectus Lancashire,-,1.11%,Nomadic Warrior,
Whisker Woods Rift,Monstrous Black Widow,Lactrodectus Lancashire,-,1.00%,Red-Eyed Watcher Owl,
Whisker Woods Rift,Monstrous Black Widow,Lactrodectus Lancashire,-,0.98%,Red Coat Bear,
Whisker Woods Rift,Monstrous Black Widow,Lactrodectus Lancashire,-,0.95%,Rift Tiger,
Whisker Woods Rift,Monstrous Black Widow,Lactrodectus Lancashire,-,0.94%,Treant Queen,
Whisker Woods Rift,Monstrous Black Widow,Lactrodectus Lancashire,-,0.92%,Winged Harpy,
Whisker Woods Rift,Monstrous Black Widow,Lactrodectus Lancashire,-,0.86%,Tree Troll,
Whisker Woods Rift,Monstrous Black Widow,Lactrodectus Lancashire,-,0.46%,Water Sprite,
Whisker Woods Rift,Monstrous Black Widow,Lactrodectus Lancashire,-,0.40%,Karmachameleon,
Whisker Woods Rift,Monstrous Black Widow,Lactrodectus Lancashire,-,0.38%,Bloomed Sylvan,
Whisker Woods Rift,Monstrous Black Widow,Lactrodectus Lancashire,-,0.37%,Crazed Goblin,
Whisker Woods Rift,Monstrous Black Widow,Lactrodectus Lancashire,-,0.35%,Tri-dra,
Whisker Woods Rift,Monstrous Black Widow,Lactrodectus Lancashire,-,0.33%,Twisted Treant,
Whisker Woods Rift,Monstrous Black Widow,Lactrodectus Lancashire,-,0.33%,Mossy Moosker,
Whisker Woods Rift,Monstrous Black Widow,Lactrodectus Lancashire,-,0.31%,Spirit of Balance,
Whisker Woods Rift,Monstrous Black Widow,Lactrodectus Lancashire,-,0.31%,Fungal Frog,
Whisker Woods Rift,Monstrous Black Widow,Lactrodectus Lancashire,-,0.29%,Cranky Caterpillar,
Whisker Woods Rift,Monstrous Black Widow,Lactrodectus Lancashire,-,0.29%,Centaur Ranger,
Whisker Woods Rift,Monstrous Black Widow,Lactrodectus Lancashire,-,0.27%,Cyclops Barbarian,
Windmill,-,Grilled,-,100.00%,Captain Croissant,
Windmill,-,SB+,-,10.25%,Pugilist,34687
Windmill,-,SB+,-,9.90%,Spud,
Windmill,-,SB+,-,9.86%,Longtail,
Windmill,-,SB+,-,7.87%,Speedy,
Windmill,-,SB+,-,6.15%,Scruffy,
Windmill,-,SB+,-,6.10%,Tiny,
Windmill,-,SB+,-,6.06%,Flying,
Windmill,-,SB+,-,5.99%,Dwarf,
Windmill,-,SB+,-,5.10%,Farmhand,
Windmill,-,SB+,-,4.97%,Brown,
Windmill,-,SB+,-,4.95%,Field,
Windmill,-,SB+,-,4.93%,Mole,
Windmill,-,SB+,-,4.92%,Grey,
Windmill,-,SB+,-,4.89%,White,
Windmill,-,SB+,-,4.07%,Silvertail,
Windmill,-,SB+,-,2.04%,Diamond,
Windmill,-,SB+,-,1.95%,Gold,
Windmill,-,Gouda,-,12.90%,Pugilist,19581
Windmill,-,Gouda,-,12.76%,Spud,
Windmill,-,Gouda,-,11.84%,Brown,
Windmill,-,Gouda,-,11.76%,Field,
Windmill,-,Gouda,-,11.62%,Grey,
Windmill,-,Gouda,-,11.43%,White,
Windmill,-,Gouda,-,7.71%,Scruffy,
Windmill,-,Gouda,-,7.70%,Dwarf,
Windmill,-,Gouda,-,4.74%,Longtail,
Windmill,-,Gouda,-,2.59%,Gold,
Windmill,-,Gouda,-,2.32%,Diamond,
Windmill,-,Gouda,-,1.33%,Speedy,
Windmill,-,Gouda,-,1.31%,Flying,
Windmill,-,Brie,-,12.79%,Pugilist,49410
Windmill,-,Brie,-,12.41%,Spud,
Windmill,-,Brie,-,11.59%,Brown,
Windmill,-,Brie,-,11.48%,Grey,
Windmill,-,Brie,-,11.44%,Field,
Windmill,-,Brie,-,11.20%,White,
Windmill,-,Brie,-,7.61%,Dwarf,
Windmill,-,Brie,-,7.53%,Scruffy,
Windmill,-,Brie,-,5.02%,Longtail,
Windmill,-,Brie,-,2.60%,Gold,
Windmill,-,Brie,-,2.48%,Diamond,
Windmill,-,Brie,-,1.36%,Flying,
Windmill,-,Brie,-,1.26%,Mole,
Windmill,-,Brie,-,1.22%,Speedy,
Windmill,-,Swiss,-,13.14%,Pugilist,15552
Windmill,-,Swiss,-,12.72%,Spud,
Windmill,-,Swiss,-,11.91%,White,
Windmill,-,Swiss,-,11.88%,Grey,
Windmill,-,Swiss,-,11.76%,Brown,
Windmill,-,Swiss,-,11.69%,Field,
Windmill,-,Swiss,-,7.87%,Dwarf,
Windmill,-,Swiss,-,7.54%,Scruffy,
Windmill,-,Swiss,-,4.97%,Longtail,
Windmill,-,Swiss,-,2.74%,Gold,
Windmill,-,Swiss,-,2.41%,Diamond,
Windmill,-,Swiss,-,1.38%,Mole,
Windmill,-,Marble/Mozzarella/Cheddar,-,13.17%,Spud,7746
Windmill,-,Marble/Mozzarella/Cheddar,-,12.59%,Pugilist,
Windmill,-,Marble/Mozzarella/Cheddar,-,12.52%,Grey,
Windmill,-,Marble/Mozzarella/Cheddar,-,12.35%,Field,
Windmill,-,Marble/Mozzarella/Cheddar,-,11.59%,Brown,
Windmill,-,Marble/Mozzarella/Cheddar,-,11.36%,White,
Windmill,-,Marble/Mozzarella/Cheddar,-,7.81%,Scruffy,
Windmill,-,Marble/Mozzarella/Cheddar,-,7.78%,Dwarf,
Windmill,-,Marble/Mozzarella/Cheddar,-,4.83%,Longtail,
Windmill,-,Marble/Mozzarella/Cheddar,-,2.72%,Gold,
Windmill,-,Marble/Mozzarella/Cheddar,-,2.13%,Diamond,
Windmill,-,Marble/Mozzarella/Cheddar,-,1.14%,Mole,
Windmill,-,White Cheddar,-,20.50%,Spud,8318
Windmill,-,White Cheddar,-,19.62%,Pugilist,
Windmill,-,White Cheddar,-,17.50%,Field,
Windmill,-,White Cheddar,-,12.26%,Scruffy,
Windmill,-,White Cheddar,-,11.43%,Dwarf,
Windmill,-,White Cheddar,-,8.74%,Longtail,
Windmill,-,White Cheddar,-,3.99%,Gold,
Windmill,-,White Cheddar,-,3.75%,Diamond,
Windmill,-,White Cheddar,-,2.20%,Mole,
Zokor,Tech Foundry Outskirts,Glowing Gruyere,-,37.18%,Ash Golem,5723
Zokor,Tech Foundry Outskirts,Glowing Gruyere,-,33.23%,RR-8,
Zokor,Tech Foundry Outskirts,Glowing Gruyere,-,20.71%,Reanimated Carver,
Zokor,Tech Foundry Outskirts,Glowing Gruyere,-,8.88%,Exo-Tech,
Zokor,Tech Foundry Outskirts,SB+/Gouda,-,29.94%,Ash Golem,10093
Zokor,Tech Foundry Outskirts,SB+/Gouda,-,27.66%,RR-8,
Zokor,Tech Foundry Outskirts,SB+/Gouda,-,19.00%,Shadow Stalker,
Zokor,Tech Foundry Outskirts,SB+/Gouda,-,16.59%,Reanimated Carver,
Zokor,Tech Foundry Outskirts,SB+/Gouda,-,6.81%,Exo-Tech,
Zokor,Tech Research Center,Glowing Gruyere,-,33.48%,Exo-Tech,13849
Zokor,Tech Research Center,Glowing Gruyere,-,30.13%,Matron of Machinery,
Zokor,Tech Research Center,Glowing Gruyere,-,14.74%,Reanimated Carver,
Zokor,Tech Research Center,Glowing Gruyere,-,12.37%,Automated Stone Sentry,
Zokor,Tech Research Center,Glowing Gruyere,-,4.85%,Tech Golem,
Zokor,Tech Research Center,Glowing Gruyere,-,2.25%,RR-8,
Zokor,Tech Research Center,Glowing Gruyere,-,2.19%,Ash Golem,
Zokor,Tech Research Center,SB+/Gouda,-,25.71%,Exo-Tech,10720
Zokor,Tech Research Center,SB+/Gouda,-,24.51%,Matron of Machinery,
Zokor,Tech Research Center,SB+/Gouda,-,20.66%,Shadow Stalker,
Zokor,Tech Research Center,SB+/Gouda,-,11.90%,Reanimated Carver,
Zokor,Tech Research Center,SB+/Gouda,-,10.12%,Automated Stone Sentry,
Zokor,Tech Research Center,SB+/Gouda,-,3.82%,Tech Golem,
Zokor,Tech Research Center,SB+/Gouda,-,1.78%,RR-8,
Zokor,Tech Research Center,SB+/Gouda,-,1.50%,Ash Golem,
Zokor,Manaforge,Glowing Gruyere,-,32.55%,Exo-Tech,116089
Zokor,Manaforge,Glowing Gruyere,-,29.50%,Matron of Machinery,
Zokor,Manaforge,Glowing Gruyere,-,11.89%,Reanimated Carver,
Zokor,Manaforge,Glowing Gruyere,-,8.81%,Automated Stone Sentry,
Zokor,Manaforge,Glowing Gruyere,-,7.78%,Fungal Technomorph,
Zokor,Manaforge,Glowing Gruyere,-,5.83%,Tech Golem,
Zokor,Manaforge,Glowing Gruyere,-,1.66%,Manaforge Smith,
Zokor,Manaforge,Glowing Gruyere,-,0.99%,Ash Golem,
Zokor,Manaforge,Glowing Gruyere,-,0.99%,RR-8,
Zokor,Manaforge,SB+,-,26.20%,Exo-Tech,11475
Zokor,Manaforge,SB+,-,23.94%,Matron of Machinery,
Zokor,Manaforge,SB+,-,19.49%,Shadow Stalker,
Zokor,Manaforge,SB+,-,9.67%,Reanimated Carver,
Zokor,Manaforge,SB+,-,7.27%,Automated Stone Sentry,
Zokor,Manaforge,SB+,-,6.01%,Fungal Technomorph,
Zokor,Manaforge,SB+,-,4.77%,Tech Golem,
Zokor,Manaforge,SB+,-,1.12%,Manaforge Smith,
Zokor,Manaforge,SB+,-,0.78%,Ash Golem,
Zokor,Manaforge,SB+,-,0.75%,RR-8,
Zokor,Manaforge,Gouda,-,26.16%,Exo-Tech,16406
Zokor,Manaforge,Gouda,-,23.40%,Matron of Machinery,
Zokor,Manaforge,Gouda,-,20.20%,Shadow Stalker,
Zokor,Manaforge,Gouda,-,9.42%,Reanimated Carver,
Zokor,Manaforge,Gouda,-,7.09%,Automated Stone Sentry,
Zokor,Manaforge,Gouda,-,6.21%,Fungal Technomorph,
Zokor,Manaforge,Gouda,-,4.74%,Tech Golem,
Zokor,Manaforge,Gouda,-,1.08%,Manaforge Smith,
Zokor,Manaforge,Gouda,-,0.85%,Ash Golem,
Zokor,Manaforge,Gouda,-,0.85%,RR-8,
Zokor,Neophyte Scholar Study,Glowing Gruyere,-,36.19%,Sanguinarian,6206
Zokor,Neophyte Scholar Study,Glowing Gruyere,-,34.74%,Summoning Scholar,
Zokor,Neophyte Scholar Study,Glowing Gruyere,-,20.14%,Reanimated Carver,
Zokor,Neophyte Scholar Study,Glowing Gruyere,-,8.93%,Ethereal Guardian,
Zokor,Neophyte Scholar Study,SB+/Gouda,-,27.22%,Summoning Scholar,9661
Zokor,Neophyte Scholar Study,SB+/Gouda,-,26.95%,Sanguinarian,
Zokor,Neophyte Scholar Study,SB+/Gouda,-,19.08%,Shadow Stalker,
Zokor,Neophyte Scholar Study,SB+/Gouda,-,15.69%,Reanimated Carver,
Zokor,Neophyte Scholar Study,SB+/Gouda,-,6.78%,Ethereal Guardian,
Zokor,Master Scholar Auditorium,Glowing Gruyere,-,35.04%,Ethereal Guardian,13883
Zokor,Master Scholar Auditorium,Glowing Gruyere,-,31.78%,Ancient Scribe,
Zokor,Master Scholar Auditorium,Glowing Gruyere,-,15.30%,Reanimated Carver,
Zokor,Master Scholar Auditorium,Glowing Gruyere,-,9.41%,Mystic Herald,
Zokor,Master Scholar Auditorium,Glowing Gruyere,-,6.26%,Mystic Guardian,
Zokor,Master Scholar Auditorium,Glowing Gruyere,-,1.17%,Summoning Scholar,
Zokor,Master Scholar Auditorium,Glowing Gruyere,-,1.04%,Sanguinarian,
Zokor,Master Scholar Auditorium,SB+/Gouda,-,27.11%,Ethereal Guardian,10645
Zokor,Master Scholar Auditorium,SB+/Gouda,-,25.38%,Ancient Scribe,
Zokor,Master Scholar Auditorium,SB+/Gouda,-,21.38%,Shadow Stalker,
Zokor,Master Scholar Auditorium,SB+/Gouda,-,12.45%,Reanimated Carver,
Zokor,Master Scholar Auditorium,SB+/Gouda,-,7.12%,Mystic Herald,
Zokor,Master Scholar Auditorium,SB+/Gouda,-,4.91%,Mystic Guardian,
Zokor,Master Scholar Auditorium,SB+/Gouda,-,0.85%,Sanguinarian,
Zokor,Master Scholar Auditorium,SB+/Gouda,-,0.80%,Summoning Scholar,
Zokor,Dark Libary,Glowing Gruyere,-,32.49%,Ethereal Guardian,109581
Zokor,Dark Libary,Glowing Gruyere,-,29.63%,Ancient Scribe,
Zokor,Dark Libary,Glowing Gruyere,-,11.75%,Reanimated Carver,
Zokor,Dark Libary,Glowing Gruyere,-,9.00%,Mystic Herald,
Zokor,Dark Libary,Glowing Gruyere,-,7.73%,Mystic Scholar,
Zokor,Dark Libary,Glowing Gruyere,-,5.80%,Mystic Guardian,
Zokor,Dark Libary,Glowing Gruyere,-,1.67%,Soul Binder,
Zokor,Dark Libary,Glowing Gruyere,-,0.99%,Summoning Scholar,
Zokor,Dark Libary,Glowing Gruyere,-,0.94%,Sanguinarian,
Zokor,Dark Libary,SB+,-,25.71%,Ethereal Guardian,10722
Zokor,Dark Libary,SB+,-,23.91%,Ancient Scribe,
Zokor,Dark Libary,SB+,-,19.97%,Shadow Stalker,
Zokor,Dark Libary,SB+,-,9.49%,Reanimated Carver,
Zokor,Dark Libary,SB+,-,7.36%,Mystic Herald,
Zokor,Dark Libary,SB+,-,6.21%,Mystic Scholar,
Zokor,Dark Libary,SB+,-,4.67%,Mystic Guardian,
Zokor,Dark Libary,SB+,-,1.06%,Soul Binder,
Zokor,Dark Libary,SB+,-,0.86%,Summoning Scholar,
Zokor,Dark Libary,SB+,-,0.76%,Sanguinarian,
Zokor,Dark Libary,Gouda,-,25.79%,Ethereal Guardian,16126
Zokor,Dark Libary,Gouda,-,23.81%,Ancient Scribe,
Zokor,Dark Libary,Gouda,-,20.03%,Shadow Stalker,
Zokor,Dark Libary,Gouda,-,9.43%,Reanimated Carver,
Zokor,Dark Libary,Gouda,-,6.85%,Mystic Herald,
Zokor,Dark Libary,Gouda,-,6.51%,Mystic Scholar,
Zokor,Dark Libary,Gouda,-,4.90%,Mystic Guardian,
Zokor,Dark Libary,Gouda,-,1.07%,Soul Binder,
Zokor,Dark Libary,Gouda,-,0.82%,Sanguinarian,
Zokor,Dark Libary,Gouda,-,0.79%,Summoning Scholar,
Zokor,Outer Fealty Shrine,Glowing Gruyere,-,36.52%,Masked Pikeman,6834
Zokor,Outer Fealty Shrine,Glowing Gruyere,-,34.08%,Drudge,
Zokor,Outer Fealty Shrine,Glowing Gruyere,-,20.40%,Reanimated Carver,
Zokor,Outer Fealty Shrine,Glowing Gruyere,-,9.00%,Battle Cleric,
Zokor,Outer Fealty Shrine,SB+/Gouda,-,29.80%,Masked Pikeman,9913
Zokor,Outer Fealty Shrine,SB+/Gouda,-,26.70%,Drudge,
Zokor,Outer Fealty Shrine,SB+/Gouda,-,20.64%,Shadow Stalker,
Zokor,Outer Fealty Shrine,SB+/Gouda,-,15.44%,Reanimated Carver,
Zokor,Outer Fealty Shrine,SB+/Gouda,-,7.41%,Battle Cleric,
Zokor,Inner Fealty Temple,Glowing Gruyere,-,34.88%,Battle Cleric,13425
Zokor,Inner Fealty Temple,Glowing Gruyere,-,31.46%,Sir Fleekio,
Zokor,Inner Fealty Temple,Glowing Gruyere,-,15.59%,Reanimated Carver,
Zokor,Inner Fealty Temple,Glowing Gruyere,-,9.65%,Mind Tearer,
Zokor,Inner Fealty Temple,Glowing Gruyere,-,6.44%,Solemn Soldier,
Zokor,Inner Fealty Temple,Glowing Gruyere,-,1.02%,Drudge,
Zokor,Inner Fealty Temple,Glowing Gruyere,-,0.96%,Masked Pikeman,
Zokor,Inner Fealty Temple,SB+/Gouda,-,27.86%,Battle Cleric,11096
Zokor,Inner Fealty Temple,SB+/Gouda,-,25.36%,Sir Fleekio,
Zokor,Inner Fealty Temple,SB+/Gouda,-,20.49%,Shadow Stalker,
Zokor,Inner Fealty Temple,SB+/Gouda,-,12.43%,Reanimated Carver,
Zokor,Inner Fealty Temple,SB+/Gouda,-,7.52%,Mind Tearer,
Zokor,Inner Fealty Temple,SB+/Gouda,-,4.73%,Solemn Soldier,
Zokor,Inner Fealty Temple,SB+/Gouda,-,0.82%,Drudge,
Zokor,Inner Fealty Temple,SB+/Gouda,-,0.79%,Masked Pikeman,
Zokor,Templar's Sanctum,Glowing Gruyere,-,32.47%,Battle Cleric,109582
Zokor,Templar's Sanctum,Glowing Gruyere,-,29.48%,Sir Fleekio,
Zokor,Templar's Sanctum,Glowing Gruyere,-,11.60%,Reanimated Carver,
Zokor,Templar's Sanctum,Glowing Gruyere,-,8.87%,Mind Tearer,
Zokor,Templar's Sanctum,Glowing Gruyere,-,7.96%,Dark Templar,
Zokor,Templar's Sanctum,Glowing Gruyere,-,5.97%,Solemn Soldier,
Zokor,Templar's Sanctum,Glowing Gruyere,-,1.69%,Paladin Weapon Master,
Zokor,Templar's Sanctum,Glowing Gruyere,-,0.99%,Masked Pikeman,
Zokor,Templar's Sanctum,Glowing Gruyere,-,0.96%,Drudge,
Zokor,Templar's Sanctum,SB+,-,26.46%,Battle Cleric,11273
Zokor,Templar's Sanctum,SB+,-,23.20%,Sir Fleekio,
Zokor,Templar's Sanctum,SB+,-,19.42%,Shadow Stalker,
Zokor,Templar's Sanctum,SB+,-,9.50%,Reanimated Carver,
Zokor,Templar's Sanctum,SB+,-,6.93%,Mind Tearer,
Zokor,Templar's Sanctum,SB+,-,6.64%,Dark Templar,
Zokor,Templar's Sanctum,SB+,-,4.85%,Solemn Soldier,
Zokor,Templar's Sanctum,SB+,-,1.24%,Paladin Weapon Master,
Zokor,Templar's Sanctum,SB+,-,0.90%,Drudge,
Zokor,Templar's Sanctum,SB+,-,0.86%,Masked Pikeman,
Zokor,Templar's Sanctum,Gouda,-,25.94%,Battle Cleric,16642
Zokor,Templar's Sanctum,Gouda,,24.31%,Sir Fleekio,
Zokor,Templar's Sanctum,Gouda,-,19.66%,Shadow Stalker,
Zokor,Templar's Sanctum,Gouda,-,9.34%,Reanimated Carver,
Zokor,Templar's Sanctum,Gouda,-,7.14%,Mind Tearer,
Zokor,Templar's Sanctum,Gouda,-,6.45%,Dark Templar,
Zokor,Templar's Sanctum,Gouda,-,4.49%,Solemn Soldier,
Zokor,Templar's Sanctum,Gouda,-,1.14%,Paladin Weapon Master,
Zokor,Templar's Sanctum,Gouda,-,0.78%,Masked Pikeman,
Zokor,Templar's Sanctum,Gouda,-,0.75%,Drudge,
Zokor,Treasure Room,Glowing Gruyere,-,35.54%,Mimic,12442
Zokor,Treasure Room,Glowing Gruyere,-,25.19%,Hired Eidolon,
Zokor,Treasure Room,Glowing Gruyere,-,20.05%,Matron of Wealth,
Zokor,Treasure Room,Glowing Gruyere,-,19.22%,Reanimated Carver,
Zokor,Treasure Room,SB+/Gouda,-,27.89%,Mimic,5074
Zokor,Treasure Room,SB+/Gouda,-,20.46%,Shadow Stalker,
Zokor,Treasure Room,SB+/Gouda,-,19.89%,Hired Eidolon,
Zokor,Treasure Room,SB+/Gouda,-,16.00%,Reanimated Carver,
Zokor,Treasure Room,SB+/Gouda,-,15.77%,Matron of Wealth,
Zokor,Treasure Vault,Glowing Gruyere,-,49.98%,Molten Midas,39686
Zokor,Treasure Vault,Glowing Gruyere,-,14.92%,Reanimated Carver,
Zokor,Treasure Vault,Glowing Gruyere,-,13.09%,Hired Eidolon,
Zokor,Treasure Vault,Glowing Gruyere,-,10.19%,Treasure Brawler,
Zokor,Treasure Vault,Glowing Gruyere,-,6.96%,Matron of Wealth,
Zokor,Treasure Vault,Glowing Gruyere,-,4.85%,Mimic,
Zokor,Treasure Vault,SB+,-,39.94%,Molten Midas,2792
Zokor,Treasure Vault,SB+,-,20.67%,Shadow Stalker,
Zokor,Treasure Vault,SB+,-,11.68%,Reanimated Carver,
Zokor,Treasure Vault,SB+,-,10.03%,Hired Eidolon,
Zokor,Treasure Vault,SB+,-,8.49%,Treasure Brawler,
Zokor,Treasure Vault,SB+,-,5.12%,Matron of Wealth,
Zokor,Treasure Vault,SB+,-,4.08%,Mimic,
Zokor,Treasure Vault,Gouda,-,41.52%,Molten Midas,2953
Zokor,Treasure Vault,Gouda,-,18.96%,Shadow Stalker,
Zokor,Treasure Vault,Gouda,-,11.95%,Reanimated Carver,
Zokor,Treasure Vault,Gouda,-,10.26%,Hired Eidolon,
Zokor,Treasure Vault,Gouda,-,7.82%,Treasure Brawler,
Zokor,Treasure Vault,Gouda,-,5.22%,Matron of Wealth,
Zokor,Treasure Vault,Gouda,-,4.27%,Mimic,
Zokor,Farming Garden,Glowing Gruyere,-,34.96%,Mush Monster,6513
Zokor,Farming Garden,Glowing Gruyere,-,31.41%,Nightshade Nanny,
Zokor,Farming Garden,Glowing Gruyere,-,19.10%,Reanimated Carver,
Zokor,Farming Garden,Glowing Gruyere,-,14.52%,Mushroom Harvester,
Zokor,Farming Garden,SB+,-,24.16%,Nightshade Nanny,1250
Zokor,Farming Garden,SB+,-,23.92%,Mushroom Harvester,
Zokor,Farming Garden,SB+,-,17.52%,Shadow Stalker,
Zokor,Farming Garden,SB+,-,17.20%,Reanimated Carver,
Zokor,Farming Garden,SB+,-,17.20%,Mush Monster,
Zokor,Farming Garden,Gouda,-,26.21%,Mushroom Harvester,6029
Zokor,Farming Garden,Gouda,-,20.57%,Shadow Stalker,
Zokor,Farming Garden,Gouda,-,20.35%,Nightshade Nanny,
Zokor,Farming Garden,Gouda,-,17.00%,Mush Monster,
Zokor,Farming Garden,Gouda,-,15.87%,Reanimated Carver,
Zokor,Overgrown Farmhouse,Glowing Gruyere,-,37.97%,Mush Monster,95259
Zokor,Overgrown Farmhouse,Glowing Gruyere,-,30.02%,Nightshade Fungalmancer,
Zokor,Overgrown Farmhouse,Glowing Gruyere,-,16.00%,Nightshade Nanny,
Zokor,Overgrown Farmhouse,Glowing Gruyere,-,15.01%,Reanimated Carver,
Zokor,Overgrown Farmhouse,Glowing Gruyere,-,0.99%,Mushroom Harvester,
Zokor,Overgrown Farmhouse,SB+,-,30.88%,Mush Monster,6470
Zokor,Overgrown Farmhouse,SB+,-,19.80%,Shadow Stalker,
Zokor,Overgrown Farmhouse,SB+,-,18.13%,Nightshade Nanny,
Zokor,Overgrown Farmhouse,SB+,-,16.72%,Nightshade Fungalmancer,
Zokor,Overgrown Farmhouse,SB+,-,11.98%,Reanimated Carver,
Zokor,Overgrown Farmhouse,SB+,-,2.49%,Mushroom Harvester,
Zokor,Overgrown Farmhouse,Gouda,-,31.12%,Mush Monster,16335
Zokor,Overgrown Farmhouse,Gouda,-,20.35%,Shadow Stalker,
Zokor,Overgrown Farmhouse,Gouda,-,17.73%,Nightshade Nanny,
Zokor,Overgrown Farmhouse,Gouda,-,16.65%,Nightshade Fungalmancer,
Zokor,Overgrown Farmhouse,Gouda,-,11.64%,Reanimated Carver,
Zokor,Overgrown Farmhouse,Gouda,-,2.50%,Mushroom Harvester,
Zokor,Lair of the Minotaur,Glowing Gruyere,-,54.31%,Decrepit Tentacle Terror,14184
Zokor,Lair of the Minotaur,Glowing Gruyere,-,21.24%,Reanimated Carver,
Zokor,Lair of the Minotaur,Glowing Gruyere,-,18.89%,Retired Minotaur,
Zokor,Lair of the Minotaur,Glowing Gruyere,-,5.56%,Corridor Bruiser,
Zokor,Lair of the Minotaur,SB+,-,42.28%,Decrepit Tentacle Terror,2900
Zokor,Lair of the Minotaur,SB+,-,21.14%,Shadow Stalker,
Zokor,Lair of the Minotaur,SB+,-,17.48%,Reanimated Carver,
Zokor,Lair of the Minotaur,SB+,-,15.59%,Retired Minotaur,
Zokor,Lair of the Minotaur,SB+,-,3.52%,Corridor Bruiser,
Zokor,Lair of the Minotaur,Gouda,-,42.60%,Decrepit Tentacle Terror,8542
Zokor,Lair of the Minotaur,Gouda,-,21.01%,Shadow Stalker,
Zokor,Lair of the Minotaur,Gouda,-,17.50%,Reanimated Carver,
Zokor,Lair of the Minotaur,Gouda,-,15.17%,Retired Minotaur,
Zokor,Lair of the Minotaur,Gouda,-,3.71%,Corridor Bruiser,
Zugzwang's Tower,Technic Pawn Pincher,SB+,-,87.88%,Technic Pawn,23213
Zugzwang's Tower,Technic Pawn Pincher,SB+,-,12.12%,Mystic Pawn,
Zugzwang's Tower,Technic Pawn Pincher,Gouda,-,87.52%,Technic Pawn,49560
Zugzwang's Tower,Technic Pawn Pincher,Gouda,-,12.48%,Mystic Pawn,
Zugzwang's Tower,Technic Pawn Pincher,Brie,-,86.97%,Technic Pawn,2026
Zugzwang's Tower,Technic Pawn Pincher,Brie,-,13.03%,Mystic Pawn,
Zugzwang's Tower,Mystic Pawn Pincher,SB+,-,87.79%,Mystic Pawn,23417
Zugzwang's Tower,Mystic Pawn Pincher,SB+,-,12.21%,Technic Pawn,
Zugzwang's Tower,Mystic Pawn Pincher,Gouda,-,87.10%,Mystic Pawn,50465
Zugzwang's Tower,Mystic Pawn Pincher,Gouda,-,12.90%,Technic Pawn,
Zugzwang's Tower,Mystic Pawn Pincher,Brie,-,87.29%,Mystic Pawn,1755
Zugzwang's Tower,Mystic Pawn Pincher,Brie,-,12.71%,Technic Pawn,
Zugzwang's Tower,Technic Knights,SB+,-,56.60%,Technic Knight,17496
Zugzwang's Tower,Technic Knights,SB+,-,23.61%,Mystic Pawn,
Zugzwang's Tower,Technic Knights,SB+,-,19.79%,Technic Pawn,
Zugzwang's Tower,Technic Knights,Gouda,-,57.58%,Technic Knight,28268
Zugzwang's Tower,Technic Knights,Gouda,-,23.20%,Mystic Pawn,
Zugzwang's Tower,Technic Knights,Gouda,-,19.22%,Technic Pawn,
Zugzwang's Tower,Mystic Knights,SB+,-,57.14%,Mystic Knight,17191
Zugzwang's Tower,Mystic Knights,SB+,-,23.24%,Technic Pawn,
Zugzwang's Tower,Mystic Knights,SB+,-,19.62%,Mystic Pawn,
Zugzwang's Tower,Mystic Knights,Gouda,-,58.12%,Mystic Knight,27784
Zugzwang's Tower,Mystic Knights,Gouda,-,22.22%,Technic Pawn,
Zugzwang's Tower,Mystic Knights,Gouda,-,19.66%,Mystic Pawn,
Zugzwang's Tower,Technic Bishops,SB+,-,45.40%,Technic Bishop,21275
Zugzwang's Tower,Technic Bishops,SB+,-,30.75%,Technic Knight,
Zugzwang's Tower,Technic Bishops,SB+,-,23.84%,Mystic Pawn,
Zugzwang's Tower,Technic Bishops,SB+,-,11.76%,Technic Pawn,
Zugzwang's Tower,Technic Bishops,Gouda,-,41.28%,Technic Bishop,31437
Zugzwang's Tower,Technic Bishops,Gouda,-,27.69%,Technic Knight,
Zugzwang's Tower,Technic Bishops,Gouda,-,20.88%,Mystic Pawn,
Zugzwang's Tower,Technic Bishops,Gouda,-,10.15%,Technic Pawn,
Zugzwang's Tower,Mystic Bishops,SB+,-,44.40%,Mystic Bishop,21145
Zugzwang's Tower,Mystic Bishops,SB+,-,31.47%,Mystic Knight,
Zugzwang's Tower,Mystic Bishops,SB+,-,24.12%,Technic Pawn,
Zugzwang's Tower,Mystic Bishops,SB+,-,11.83%,Mystic Pawn,
Zugzwang's Tower,Mystic Bishops,Gouda,-,40.11%,Mystic Bishop,32604
Zugzwang's Tower,Mystic Bishops,Gouda,-,28.47%,Mystic Knight,
Zugzwang's Tower,Mystic Bishops,Gouda,-,21.25%,Technic Pawn,
Zugzwang's Tower,Mystic Bishops,Gouda,-,10.17%,Mystic Pawn,
Zugzwang's Tower,Technic Rooks,SB+,-,43.84%,Technic Rook,24571
Zugzwang's Tower,Technic Rooks,SB+,-,27.23%,Technic Bishop,
Zugzwang's Tower,Technic Rooks,SB+,-,19.48%,Mystic Pawn,
Zugzwang's Tower,Technic Rooks,SB+,-,9.45%,Technic Knight,
Zugzwang's Tower,Technic Rooks,SB+,-,8.83%,Technic Pawn,
Zugzwang's Tower,Technic Rooks,Gouda,-,40.46%,Technic Rook,32683
Zugzwang's Tower,Technic Rooks,Gouda,-,25.38%,Technic Bishop,
Zugzwang's Tower,Technic Rooks,Gouda,-,17.69%,Mystic Pawn,
Zugzwang's Tower,Technic Rooks,Gouda,-,8.62%,Technic Knight,
Zugzwang's Tower,Technic Rooks,Gouda,-,7.85%,Technic Pawn,
Zugzwang's Tower,Mystic Rooks,SB+,-,40.25%,Mystic Rook,22568
Zugzwang's Tower,Mystic Rooks,SB+,-,25.26%,Mystic Bishop,
Zugzwang's Tower,Mystic Rooks,SB+,-,17.72%,Technic Pawn,
Zugzwang's Tower,Mystic Rooks,SB+,-,8.62%,Mystic Knight,
Zugzwang's Tower,Mystic Rooks,SB+,-,8.18%,Mystic Pawn,
Zugzwang's Tower,Mystic Rooks,Gouda,-,41.85%,Mystic Rook,33559
Zugzwang's Tower,Mystic Rooks,Gouda,-,25.69%,Mystic Bishop,
Zugzwang's Tower,Mystic Rooks,Gouda,-,17.82%,Technic Pawn,
Zugzwang's Tower,Mystic Rooks,Gouda,-,8.80%,Mystic Knight,
Zugzwang's Tower,Mystic Rooks,Gouda,-,8.52%,Mystic Pawn,
Zugzwang's Tower,Technic Queen,Checkmate,-,31.13%,Technic Queen,5195
Zugzwang's Tower,Technic Queen,Checkmate,-,19.33%,Mystic Pawn,
Zugzwang's Tower,Technic Queen,Checkmate,-,16.80%,Technic Rook,
Zugzwang's Tower,Technic Queen,Checkmate,-,14.55%,Technic Bishop,
Zugzwang's Tower,Technic Queen,Checkmate,-,12.36%,Technic Knight,
Zugzwang's Tower,Technic Queen,Checkmate,-,5.83%,Mystic Knight,
Zugzwang's Tower,Technic Queen,Checkmate,-,1.60%,Technic Pawn,
Zugzwang's Tower,Technic Queen,SB+,-,26.37%,Technic Queen,20685
Zugzwang's Tower,Technic Queen,SB+,-,19.07%,Mystic Pawn,
Zugzwang's Tower,Technic Queen,SB+,-,18.57%,Technic Rook,
Zugzwang's Tower,Technic Queen,SB+,-,18.33%,Technic Bishop,
Zugzwang's Tower,Technic Queen,SB+,-,11.04%,Technic Knight,
Zugzwang's Tower,Technic Queen,SB+,-,6.62%,Mystic Knight,
Zugzwang's Tower,Technic Queen,SB+,-,1.85%,Technic Pawn,
Zugzwang's Tower,Technic Queen,Gouda,-,26.19%,Technic Queen,25052
Zugzwang's Tower,Technic Queen,Gouda,-,18.43%,Technic Bishop,
Zugzwang's Tower,Technic Queen,Gouda,-,18.19%,Mystic Pawn,
Zugzwang's Tower,Technic Queen,Gouda,-,17.94%,Technic Rook,
Zugzwang's Tower,Technic Queen,Gouda,-,10.74%,Technic Knight,
Zugzwang's Tower,Technic Queen,Gouda,-,6.68%,Mystic Knight,
Zugzwang's Tower,Technic Queen,Gouda,-,1.82%,Technic Pawn,
Zugzwang's Tower,Mystic Queen,Checkmate,-,29.61%,Mystic Queen,5177
Zugzwang's Tower,Mystic Queen,Checkmate,-,19.79%,Technic Pawn,
Zugzwang's Tower,Mystic Queen,Checkmate,-,17.07%,Mystic Rook,
Zugzwang's Tower,Mystic Queen,Checkmate,-,15.36%,Mystic Bishop,
Zugzwang's Tower,Mystic Queen,Checkmate,-,13.94%,Mystic Knight,
Zugzwang's Tower,Mystic Queen,Checkmate,-,3.89%,Technic Knight,
Zugzwang's Tower,Mystic Queen,Checkmate,-,1.94%,Mystic Pawn,
Zugzwang's Tower,Mystic Queen,SB+,-,26.70%,Mystic Queen,19945
Zugzwang's Tower,Mystic Queen,SB+,-,18.20%,Mystic Rook,
Zugzwang's Tower,Mystic Queen,SB+,-,17.87%,Mystic Bishop,
Zugzwang's Tower,Mystic Queen,SB+,-,17.13%,Technic Pawn,
Zugzwang's Tower,Mystic Queen,SB+,-,10.91%,Mystic Knight,
Zugzwang's Tower,Mystic Queen,SB+,-,5.61%,Technic Knight,
Zugzwang's Tower,Mystic Queen,SB+,-,2.02%,Mystic Pawn,
Zugzwang's Tower,Mystic Queen,Gouda,-,27.25%,Mystic Queen,25293
Zugzwang's Tower,Mystic Queen,Gouda,-,27.25%,Mystic Rook,
Zugzwang's Tower,Mystic Queen,Gouda,-,19.10%,Technic Pawn,
Zugzwang's Tower,Mystic Queen,Gouda,-,17.91%,Mystic Bishop,
Zugzwang's Tower,Mystic Queen,Gouda,-,17.74%,Mystic Knight,
Zugzwang's Tower,Mystic Queen,Gouda,-,11.16%,Technic Knight,
Zugzwang's Tower,Mystic Queen,Gouda,-,1.92%,Mystic Pawn,
Zugzwang's Tower,Technic King,Checkmate,-,32.76%,Technic King,10904
Zugzwang's Tower,Technic King,Checkmate,-,26.87%,Mystic Pawn,
Zugzwang's Tower,Technic King,Checkmate,-,11.01%,Technic Rook,
Zugzwang's Tower,Technic King,Checkmate,-,10.95%,Technic Bishop,
Zugzwang's Tower,Technic King,Checkmate,-,10.60%,Technic Queen,
Zugzwang's Tower,Technic King,Checkmate,-,5.25%,Technic Knight,
Zugzwang's Tower,Technic King,Checkmate,-,2.56%,Technic Pawn,
Zugzwang's Tower,Technic King,SB+,-,19.51%,Mystic Pawn,2158
Zugzwang's Tower,Technic King,SB+,-,18.21%,Technic Rook,
Zugzwang's Tower,Technic King,SB+,-,17.84%,Technic Queen,
Zugzwang's Tower,Technic King,SB+,-,17.28%,Technic Bishop,
Zugzwang's Tower,Technic King,SB+,-,13.25%,Technic Knight,
Zugzwang's Tower,Technic King,SB+,-,10.61%,Technic King,
Zugzwang's Tower,Technic King,SB+,-,3.29%,Technic Pawn,
Zugzwang's Tower,Technic King,SB+,-,0.93%,Mystic Knight,
Zugzwang's Tower,Technic King,Gouda,-,18.45%,Technic Bishop,5294
Zugzwang's Tower,Technic King,Gouda,-,18.34%,Technic Queen,
Zugzwang's Tower,Technic King,Gouda,-,17.64%,Technic Rook,
Zugzwang's Tower,Technic King,Gouda,-,17.08%,Mystic Pawn,
Zugzwang's Tower,Technic King,Gouda,-,13.45%,Technic Knight,
Zugzwang's Tower,Technic King,Gouda,-,10.31%,Technic King,
Zugzwang's Tower,Technic King,Gouda,-,4.36%,Technic Pawn,
Zugzwang's Tower,Technic King,Gouda,-,0.36%,Mystic Knight,
Zugzwang's Tower,Mystic King,Checkmate,-,36.61%,Mystic King,13788
Zugzwang's Tower,Mystic King,Checkmate,-,30.92%,Technic Pawn,
Zugzwang's Tower,Mystic King,Checkmate,-,13.27%,Mystic Rook,
Zugzwang's Tower,Mystic King,Checkmate,-,12.44%,Mystic Bishop,
Zugzwang's Tower,Mystic King,Checkmate,-,12.29%,Mystic Queen,
Zugzwang's Tower,Mystic King,Checkmate,-,9.23%,Mystic Knight,
Zugzwang's Tower,Mystic King,Checkmate,-,8.46%,Technic Knight,
Zugzwang's Tower,Mystic King,Checkmate,-,3.24%,Mystic Pawn,
Zugzwang's Tower,Mystic King,SB+,-,25.12%,Mystic Queen,2847
Zugzwang's Tower,Mystic King,SB+,-,22.98%,Mystic Bishop,
Zugzwang's Tower,Mystic King,SB+,-,22.61%,Technic Pawn,
Zugzwang's Tower,Mystic King,SB+,-,21.55%,Mystic Rook,
Zugzwang's Tower,Mystic King,SB+,-,18.03%,Mystic Knight,
Zugzwang's Tower,Mystic King,SB+,-,12.70%,Mystic King,
Zugzwang's Tower,Mystic King,SB+,-,8.94%,Technic Knight,
Zugzwang's Tower,Mystic King,SB+,-,5.70%,Mystic Pawn,
Zugzwang's Tower,Mystic King,Gouda,-,23.80%,Mystic Bishop,7278
Zugzwang's Tower,Mystic King,Gouda,-,23.46%,Mystic Rook,
Zugzwang's Tower,Mystic King,Gouda,-,23.40%,Mystic Queen,
Zugzwang's Tower,Mystic King,Gouda,-,21.14%,Technic Pawn,
Zugzwang's Tower,Mystic King,Gouda,-,16.24%,Mystic Knight,
Zugzwang's Tower,Mystic King,Gouda,-,14.51%,Mystic King,
Zugzwang's Tower,Mystic King,Gouda,-,9.26%,Technic Knight,
Zugzwang's Tower,Mystic King,Gouda,-,5.67%,Mystic Pawn,
Zugzwang's Tower,Chess Master,Checkmate,-,15.24%,Chess Master,40185
Zugzwang's Tower,Chess Master,Checkmate,-,12.28%,Mystic Pawn,
Zugzwang's Tower,Chess Master,Checkmate,-,11.98%,Technic King,
Zugzwang's Tower,Chess Master,Checkmate,-,11.84%,Technic Pawn,
Zugzwang's Tower,Chess Master,Checkmate,-,10.31%,Mystic King,
Zugzwang's Tower,Chess Master,Checkmate,-,7.56%,Mystic Knight,
Zugzwang's Tower,Chess Master,Checkmate,-,6.05%,Technic Rook,
Zugzwang's Tower,Chess Master,Checkmate,-,5.54%,Mystic Rook,
Zugzwang's Tower,Chess Master,Checkmate,-,4.40%,Technic Bishop,
Zugzwang's Tower,Chess Master,Checkmate,-,4.19%,Mystic Bishop,
Zugzwang's Tower,Chess Master,Checkmate,-,4.08%,Technic Queen,
Zugzwang's Tower,Chess Master,Checkmate,-,3.77%,Mystic Queen,
Zugzwang's Tower,Chess Master,Checkmate,-,2.75%,Technic Knight,
Bristle Woods Rift,-,Runic String Cheese,-,9.75%,Skeletal Champion,
Bristle Woods Rift,-,Magical String,-,7.79%,Skeletal Champion,
Bristle Woods Rift,-,Brie String,-,18.68%,Portal Plunderer,
Bristle Woods Rift,-,Magical String,-,8.53%,Portal Plunderer,
Bristle Woods Rift,-,Brie String,-,13.71%,Sentient Slime,
Bristle Woods Rift,-,Ancient String Cheese,-,12.68%,Sentient Slime,
Bristle Woods Rift,-,Magical String,-,18.59%,Sentient Slime,
Bristle Woods Rift,-,Magical String,-,8.43%,Record Keeper's Assistant,
Bristle Woods Rift,-,Brie String,-,5.94%,Record Keeper's Assistant,
Bristle Woods Rift,-,Brie String,-,23.21%,Clockwork Timespinner,
Bristle Woods Rift,-,Magical String,-,8.11%,Clockwork Timespinner,
Bristle Woods Rift,-,Ancient String Cheese,-,9.48%,Portal Paladin,
Bristle Woods Rift,-,Brie String,-,8.31%,Portal Paladin,
Bristle Woods Rift,-,Magical String,-,11.68%,Portal Paladin,
Bristle Woods Rift,-,Runic String Cheese,-,9.98%,Portal Paladin,
Bristle Woods Rift,-,Magical String,-,6.90%,Record Keeper,
Bristle Woods Rift,-,Brie String,-,6.34%,Record Keeper,
Bristle Woods Rift,-,Runic String Cheese,-,12.99%,Dread Knight,
Bristle Woods Rift,-,Brie String,-,8.33%,Dread Knight,
Bristle Woods Rift,-,Magical String,-,9.55%,Dread Knight,
Bristle Woods Rift,-,Ancient String Cheese,-,3.77%,Epoch Golem,
Bristle Woods Rift,-,Runic String Cheese,-,1.11%,Epoch Golem,
Bristle Woods Rift,-,Brie String,-,1.96%,Epoch Golem,
Bristle Woods Rift,-,Magical String,-,17.19%,Epoch Golem,
Bristle Woods Rift,-,Magical String,-,0.14%,Harbinger of Death,
Bristle Woods Rift,-,Ancient String Cheese,-,1.44%,Harbinger of Death,
Bristle Woods Rift,-,Runic String Cheese,-,1.69%,Harbinger of Death,
Bristle Woods Rift,-,Ancient String Cheese,-,16.84%,Timelost Thaumaturge,
Bristle Woods Rift,-,Runic String Cheese,-,4.73%,Timelost Thaumaturge,
Bristle Woods Rift,-,Runic String Cheese,-,3.91%,Vigilant Ward,
Bristle Woods Rift,-,Ancient String Cheese,-,13.75%,Vigilant Ward,
Bristle Woods Rift,-,Brie String,-,1.22%,Vigilant Ward,
Bristle Woods Rift,-,Runic String Cheese,-,2.84%,Shackled Servant,
Bristle Woods Rift,-,Ancient String Cheese,-,13.09%,Shackled Servant,
Bristle Woods Rift,-,Ancient String Cheese,-,6.63%,Timeslither Pythoness,
Bristle Woods Rift,-,Runic String Cheese,-,2.43%,Timeslither Pythoness,
Bristle Woods Rift,-,Runic String Cheese,-,16.08%,Carrion Medium,
Bristle Woods Rift,-,Magical String,-,0.34%,Carrion Medium,
Bristle Woods Rift,-,Runic String Cheese,-,9.83%,Timeless Lich,
Bristle Woods Rift,-,Brie String,-,0.10%,Timeless Lich,
Bristle Woods Rift,-,Runic String Cheese,-,1.70%,Chamber Cleaver,
Bristle Woods Rift,-,Brie String,-,2.30%,Portal Pursuer,
Bristle Woods Rift,-,Ancient String Cheese,-,2.04%,Portal Pursuer,
Bristle Woods Rift,-,Magical String,-,1.35%,Portal Pursuer,
Bristle Woods Rift,-,Runic String Cheese,-,1.24%,Portal Pursuer,
Bristle Woods Rift,-,Runic String Cheese,-,11.09%,Chronomaster,
Bristle Woods Rift,-,Runic String Cheese,-,2.99%,Absolute Acolyte,
